
 48

(Scur: 0.924990, Iele: 0.612180, (((Blyn: 0.038285, Blin: 0.031259): 0.244723, (Afr1: 0.476457, (Bher: 0.148581, (Stsp: 0.216363, Tpla: 0.253445): 0.031297): 0.099565): 0.061863): 0.451245, (((Tlon: 0.081714, (Tces: 0.007638, (Tcit: 0.000656, Tcjp: 0.001449): 0.006665): 0.066680): 0.099271, (Lubb: 0.028482, ((Lcry: 0.030381, Lpac: 0.004235): 0.019770, (Lapu: 0.017358, (Lcou: 0.007326, Lart: 0.010358): 0.011032): 0.002824): 0.008976): 0.144486): 0.349509, (Lysp: 0.539349, (((Cpil: 0.045369, (Ozsp: 0.102266, Orub: 0.054447): 0.011328): 0.173449, ((Eosp: 0.207133, (Ldah: 0.123819, Etic: 0.112234): 0.108116): 0.035764, ((Mesp: 0.088967, Etex: 0.086905): 0.093152, (Puru: 0.052178, (Lpar: 0.045858, Lbir: 0.045907): 0.040413): 0.100142): 0.073941): 0.043804): 0.193044, ((Chis: 0.103743, C146: 0.093316): 0.272323, (Scry: 0.314519, ((Pped: 0.249858, (Pleu: 0.163731, Enor: 0.157741): 0.116170): 0.078208, ((Elam: 0.206123, Aema: 0.277924): 0.087998, ((Bosp: 0.283646, Mosp: 0.352613): 0.040850, (Masp: 0.237842, ((Svet: 0.118827, Smuc: 0.224352): 0.039024, (Cqua: 0.176934, (Dmag: 0.143155, (Dgal: 0.067151, (Dpul: 0.008748, Dpli: 0.006404): 0.049523): 0.048479): 0.081669): 0.020202): 0.077026): 0.036769): 0.017292): 0.059885): 0.047384): 0.053167): 0.091254): 0.066949): 0.075534): 0.089947): 0.165872);

  0.924990  0.612180  0.165872  0.451245  0.244723  0.038285  0.031259  0.061863  0.476457  0.099565  0.148581  0.031297  0.216363  0.253445  0.089947  0.349509  0.099271  0.081714  0.066680  0.007638  0.006665  0.000656  0.001449  0.144486  0.028482  0.008976  0.019770  0.030381  0.004235  0.002824  0.017358  0.011032  0.007326  0.010358  0.075534  0.539349  0.066949  0.193044  0.173449  0.045369  0.011328  0.102266  0.054447  0.043804  0.035764  0.207133  0.108116  0.123819  0.112234  0.073941  0.093152  0.088967  0.086905  0.100142  0.052178  0.040413  0.045858  0.045907  0.091254  0.272323  0.103743  0.093316  0.053167  0.314519  0.047384  0.078208  0.249858  0.116170  0.163731  0.157741  0.059885  0.087998  0.206123  0.277924  0.017292  0.040850  0.283646  0.352613  0.036769  0.237842  0.077026  0.039024  0.118827  0.224352  0.020202  0.176934  0.081669  0.143155  0.048479  0.067151  0.049523  0.008748  0.006404

  0.028424 -0.012998  0.037944  0.015241  0.045828 -0.021303  0.091438 -0.153486  0.066232  0.064583  0.107437 -0.133201  0.094751  0.045509  0.088651 -0.080226 -0.030712  0.038744  0.263023  0.202183  0.052040  0.604963  0.123222 -0.046790  0.006791 -0.062305  0.010274  0.141228  0.204027  0.183418  0.457716  0.612572  0.596334  0.656764  0.114734  0.089239  0.048009 -0.054644  0.013889  0.080181 -0.095542  0.167927  0.040850  0.115991 -0.204560  0.012537  0.052529  0.238255  0.211429  0.223304  0.092651  0.153942  0.119960  0.193648  0.173708 -0.172316  0.215943  0.107966  0.098146  0.008235  0.149772 -0.014907  0.039794 -0.034539  0.046682  0.060464  0.103389  0.080310 -0.096035 -0.032177  0.080182  0.097370  0.026060  0.071056 -0.090405 -0.143163  0.133316 -0.041312 -0.058389  0.192796  0.000000  0.054901 -0.146712  0.120756  0.116392 -0.018794  0.050584  0.171086  0.160997  0.265088  0.505805  0.129254  0.097167


Hessian

 -1.243e+04     -118.8      -3727     -717.5      472.6       1873       1940      498.4      228.3       1120       1348       1969      944.8       1501      -1715     -143.6       1234       2105       2438       2172       4173       3974        374       1399       2602       3377       3044       5017       1891       2483       2539       1827       3973       1027     -865.6      194.7     -417.7      185.8       1169       1817       2683       1915       3171       1533       1721       1670       1479       2260       3377       1400       1879       2512       2473       2462       3088       4409       1910       2626      192.9       1155       2639       2000        634       1244      821.3       1618       1090       1172       1356       1475       1610       1849       2068       1328       2480       2026       1377      857.3       2705       1722       2502       3273       2454       1611       3361       2309       2653       2711       2886       2561       3369       5920       5475
     -118.8 -2.161e+04 -1.061e+04     -447.6      452.6       1873       1720        385      343.9       1013       1658       2117       1250       1638      -5534     -520.8       1143       2895       2644       5589       1949      -3074       6968       1384       3270       4500       4873       5632       1211       4223       4449       3588       4647       1944      -2323      333.2      -1217      107.6       1527       3315       4987       3536       4507       1402       2360       2292       2050       2826       3693       2361       2034       3958       2708       3075       4168       4809       4714       4098     -356.8      779.2       3099       2294      819.9       1105       1484       2002       1329       1575       1768       1712       1694       2125       2404       1518       2096       2576       1579       1071       2823       2005       2895       3789       3157       1978       4316       3334       2188       2836       3501       3048       3508       7000       4841
      -3727 -1.061e+04 -4.611e+04     -135.5      515.7       2481       3209      401.8        129        658       2173       2742       1852       2371 -1.237e+04     -739.7       2001       3814       4082       5002       5794      -4501       -717       2024       4940       6475       4308       4250      -2394       6416       5922       3274       4765       3597      -4253      232.3      -2540      1.857       2200       4717       5853       4490       5695       1745       2980       3157       2855       2858       4573       1957       2415       5047       2543       3834       4908       5735       5079       4580      -1369      745.3       3957       2846     -75.06       1037       1124       1949       1361       1793       2162       2398       1732       1412       2958       1720       3427       2872       2028       1094       3752       3008       3455       4816       3950       2927       4886       4253       2082       4436       4837       4438       4673       8439       9037
     -717.5     -447.6     -135.5 -3.359e+04      -2006       3163       3111      -5097     -993.8      -2786     -120.4        467        904      625.4  -1.42e+04       -696       2847       4233       3943       5075       9514  1.542e+04  1.536e+04       3387       5270       5947       4643  1.415e+04       5299       7943       7305       6581       4621       6757      -4637     -181.2      -4123      -1610       2363       5085       5579       4171       6059       1886       2496       3334       2472       4796       6363       1339       2898       5480       6572       3535       4432       5876       5461       4722      -1988       1337       3498       4731     -726.7       1737    -0.4453       1985       1809       1847       2824       2443       1055       3818       3363       1578       2606       2289       1559       1167       2711       3063       3352       3795       4201       3047       5016       4218       4591       4042       4979       5529       5842       6748       4626
      472.6      452.6      515.7      -2006 -8.185e+04       3694      -1458 -4.211e+04      -2079 -2.809e+04      -8860      -2840      -1690       -895     -846.3      932.1       1387       2718       2687       5649       9734       2299       1514       2290       5461       3814       2085      150.9       8761       2323       5147       7488       6905       7628      542.8       1699       1520       1610       2479       3836       6282       5821       7596       3309       2906       2757       1589     -900.8       5975       2064       2228       6039      -1635       3995       4726       5607       9732       4948       2663       2754       5904       5497       3806       1429       4396       4416       2654       4048       3206       2523       4403       1559       3229       2454       5066       3259       2526       1148       4896       3402       4444       6803       5192       3509       4928       4831      651.2       3963       4941       5586       5167       9446       8071
       1873       1873       2481       3163       3694 -1.505e+06 -9.436e+05       6054     -231.2       4829       -577     -751.6      -1108       1372       4766       6971       5677       1528       4995 -6.366e+04 -3.297e+04  1.702e+04 -4.585e+04       2375        571       2406       9665  2.645e+04 -1.556e+04      -5326  -2.67e+04 -2.979e+04 -3.063e+04 -1.453e+04  1.106e+04       4208       9371       8609  1.034e+04  1.012e+04  1.715e+04       4367  1.226e+04  1.033e+04  1.255e+04       6959       8821       8619   1.19e+04  1.028e+04  1.472e+04  1.341e+04  1.231e+04  1.598e+04       6826  1.162e+04       6113       3900  1.239e+04       5981       9289  1.211e+04  1.301e+04       9625  1.249e+04  1.054e+04  1.075e+04       6348       7707       6225  1.135e+04  1.326e+04       3359       7270  1.589e+04       7883       6218       7394  1.143e+04       5954  1.117e+04   1.78e+04       8856       7972  1.401e+04       9879  1.294e+04       6586       7091     -216.7       8163       1467      997.3
       1940       1720       3209       3111      -1458 -9.436e+05 -1.627e+06       3498      363.9       2677      73.94      -1515     -612.5     -815.2       4220       7387       6458     -892.8       3594 -4.567e+04 -4.521e+04 -4.627e+04 -3.174e+04       4410       2891      -9003 -1.197e+04  3.188e+04 -3.187e+04      -8312 -2.947e+04  -2.29e+04 -5.022e+04       7539       9513       4489       7836       8173       9167       3142       6692       3722       9592  1.047e+04   1.07e+04       6375       7458       5186  1.112e+04       8242  1.114e+04  1.388e+04  1.343e+04  1.259e+04   1.12e+04  1.271e+04       3272       6977       8201       6583       9766       9895  1.439e+04       7901  1.537e+04  1.379e+04       7540   1.02e+04       9934       7508   1.24e+04  1.498e+04       4485       7671  1.267e+04  1.025e+04       7255       8978       7558       7943       6924  1.343e+04   1.18e+04       6838  1.312e+04       9275  1.154e+04       4455       5144        203  1.082e+04  1.539e+04       8214
      498.4        385      401.8      -5097 -4.211e+04       6054       3498 -1.354e+05      -2745 -5.333e+04 -1.461e+04      -5296      -2491      -2076      -3106       1007       2496       4718       3508  1.004e+04  1.214e+04   1.93e+04       1156       3114       5079       8820      -1932       2991  1.136e+04  1.294e+04  1.074e+04  1.103e+04  1.064e+04  1.161e+04     -524.2       1337      539.8       1693       2149       4358       7420       5328       7394       3480       3205       2465       3413       3179       7342       3022       3771       6273       3396       2948       5677       4856  1.005e+04       5298       1352       2179       5791       5111       4662       2379       3295       3692       2829       3675       4338       2843       3932       2554       3671       2962       3136       2826       1818       1883       3673       2706       3788       5899       4566       3467       3977       3608       3011       4465       4695       5860       6602   1.11e+04  1.369e+04
      228.3      343.9        129     -993.8      -2079     -231.2      363.9      -2745 -3.044e+04      -6917      -2276       -880       -254     -680.4      26.08      658.7       1256       1432       1843       6364       4045      -5907       7852        978       2668       4011       1241      -1007       4642      738.5       5015       3504       3861       3299      825.2       1210       1030       1919       1605      -1023       4541       4464       5227       2975       2874       1017       2193       1241       3982       2377       2368       3968       1258       2319       3595       4870       7004       4014       1867      543.8       3445       1825       1858       1378       2266       2343       1874       2161       2406       1807       2531       1299       1943       1200       2516       2108       1962      932.1       2618       1837       2582       4736       2129       2313       3195       2653      329.9       2403       2766       2166       2418       7222       8116
       1120       1013        658      -2786 -2.809e+04       4829       2677 -5.333e+04      -6917 -1.155e+05 -2.313e+04      -7491      -3050      -2691      -1183       1157       2825       5193       5224       9115  1.555e+04   2.96e+04       9393       3214       8374  1.047e+04       2985 -3.334e+04       8403       8233  1.037e+04  1.046e+04   1.19e+04       6541      -5929       2085      779.8       3086       1376       2565       7052       5757       4165       4906       3220      622.6       2222      -5005       7066       5759       4165       6029      -8804       4872       7040      -4317  1.058e+04       4762       3601       3398       8225       5850       5774      292.6       5718       5602       2325       5258       5305       4147       4430      -4853       3191       2485       5283       4848       2846      216.8       6757       4147       6863       7957       6467       4934       4285       5027      -9239       5236       4913       7809       7139  1.103e+04  1.458e+04
       1348       1658       2173     -120.4      -8860       -577      73.94 -1.461e+04      -2276 -2.313e+04 -1.573e+05 -5.368e+04  -1.57e+04 -1.841e+04       1681       3160       1583      322.1       1612       8080  1.017e+04  4.194e+04  2.244e+04       1798       2196       4184       5996  2.111e+04    2.4e+04       2406  1.208e+04       9359  1.269e+04  1.008e+04       3062       1623       3403       4055       1212       1259       1411       2717       6074       3990       2078      538.9       2329       5647       5243       2675       3113       2830       7211       2763       4790       1153       6625       1952       4651      308.2       5230       2072       5826       4251       5430       4577       2430       3427       2230       3180       5691       6031       3452       2619       7738       4163       2649       4295       5496       2895       4431       4557       3273       2600       6365       3594       7541       2653       6779       5146       6520     -713.4       9372
       1969       2117       2742        467      -2840     -751.6      -1515      -5296       -880      -7491 -5.368e+04 -2.195e+05 -3.303e+04 -4.791e+04       2111       4145       4451       3424       3437       5607  1.014e+04  3.753e+04  2.847e+04       4098       4238       8253       8217      -3390  1.986e+04  1.483e+04       8120       3325  1.137e+04  1.446e+04       4905      874.5       4848       4728       3163       3753      -2560      -4569       -637       5211       2293       2044       2817       5334      -4331       3446       4150      -1109       9261       4590       6236     -544.4      19.35       6788       5942       2050      -1712      -2443       7249       6335       8119       2507       3200       3632       2262       2090       7295       6751       1523       4040       6692       5387      -2001       5441       8498       5038       6113      -6933       4505       3914       3494       3329       8996       4834       7732       6520       7093 -1.193e+05 -1.305e+04
      944.8       1250       1852        904      -1690      -1108     -612.5      -2491       -254      -3050  -1.57e+04 -3.303e+04 -7.615e+04      -4469       2032       2243       3101       1127       1831       6709       5358  1.337e+04      82.95       2061       3447       8188       4801 -4.563e+04  1.178e+04  1.008e+04       5117       6420      145.4       3805       2913       2256       3335       3148       2257       1794       2518      -5704      -4306       3564       3002      -2665       1687       2709       1592       2043       2980       3001       2644      72.65       1079      -3280     -247.8      -5469       3881       2133       1676       2578       4219       3174       4684       3876       3049       2959       2020       2625       4742       3718       2696       2614       4422       1319       -538       2036       4130       2415       2909       2328       2862       3149       2456      -6654       3444       3077       4854       4242       4923 -2.549e+04      -3220
       1501       1638       2371      625.4       -895       1372     -815.2      -2076     -680.4      -2691 -1.841e+04 -4.791e+04      -4469 -8.344e+04       2323       3245       2635       3635       4070     -460.2       7078  2.481e+04  2.522e+04       3327       2203       6661       8591       8861       9265       5417       4148       3390  1.059e+04       9034       3727      142.2       4024       4100       2568       3412      -2456      -3537      923.5       3586       3410       2530       2194       4975      -9573       3174       3623      -8085       6463       3201       4882      -2201     -858.6       5781       5011       1934      -9577      -4428       5322       4908       5137       1081       2687       2960       2062       2682       5511       6493      -1291       3437       4438       3346      -1922       4065       5561       3220       3349      -7172       2372       3349       3252       4684       7061       4315       6406       6893       8580 -2.006e+04       3806
      -1715      -5534 -1.237e+04  -1.42e+04     -846.3       4766       4220      -3106      26.08      -1183       1681       2111       2032       2323  -9.66e+04      -1586       3782       6573       6056       5970       9834       8502   1.13e+04       4366       5882       6039       7386  1.414e+04       4220  1.531e+04  1.044e+04       6816       5994       6035 -1.411e+04     -71.23      -8880      -2581       2737       6497       8583       5600       7784       1321       2670       4300       3695       4691       7438       1692       2880       6439       5599       4907       5733       7273       7341       5166      -4059       1475       5398       4597      -2013       1836      -1182       2753       1462       1655       3576       2937       1051       3118       4234       1369       2636       2002       1724      608.7       3427       3636       3823       5493       5269       3600       7102       5906       3895       5611       6701       6998       6747  1.016e+04  1.118e+04
     -143.6     -520.8     -739.7       -696      932.1       6971       7387       1007      658.7       1157       3160       4145       2243       3245      -1586 -5.306e+04      -1385      -1327      988.9      25.63       3193       5628  2.497e+04     -287.9       3990       3459     -864.7 -1.339e+04  1.335e+04       3691       5560       3162       7536       6875 -2.038e+04     -331.3 -1.293e+04      -2166       3248       5220       6591       5199       8610       1284       1729       3710       2040     -357.9       4947       2487       2820       5238      -1108       4572       5122       9020       8744       5032      -4197       1417       5158       4767     -885.9     -34.17     -72.29       2195       2341       1892       2856       2048       1495      134.6       2949       1931       3043       3204       2833       1059       3143       3374       3028       5885       5116       3763       3642       5934     -341.7       4740       4548       6107       7622  1.158e+04       5392
       1234       1143       2001       2847       1387       5677       6458       2496       1256       2825       1583       4451       3101       2635       3782      -1385 -2.624e+05      -6162 -1.847e+04 -1.198e+04 -1.126e+04      -5832      -5705 -1.345e+05  1.375e+04 -3.564e+04 -1.858e+04   3.41e+04 -3.061e+04      -1784 -1.314e+04 -2.088e+04 -1.886e+04 -1.004e+04       3016       1897       2937       3857       1276       1510       5980       5766       6784       1594       1096       2304     -43.87       4039       5459       2003       2070       6684       4824       2059       1955       7680       6935       2499       5696       1376       6493       5099       4521       2715       5825       4924       3496       3124       2197       4071       7484       6463       3376       4387       5611       5983       3397       2424       6794       2319       5294       9697       2721       3866       2673       4402       6561       3509       3300       8244       3254       5031       5355
       2105       2895       3814       4233       2718       1528     -892.8       4718       1432       5193      322.1       3424       1127       3635       6573      -1327      -6162 -6.684e+05 -2.736e+05 -2.937e+04 -5.062e+04 -1.962e+04   4.76e+04      -6047 -1.409e+04  -1.38e+04 -2.072e+04   2.67e+04      -9664 -3.802e+04 -3.105e+04      -6185      -8242      -7636       4744       3498       5620       6567       4142       2048       5355       3518       6557       3751       4291       4805       1266       2923       7206       3063       2021       6177       4253       3926       2093  1.021e+04       4430       7868       8407       4939       4350       3939   1.01e+04       8261  1.039e+04       9546       6464       6878       5617       6518  1.041e+04  1.142e+04       6204       4751  1.562e+04       4474       4346       6505  1.262e+04       6970       9691  1.124e+04       6438       6051  1.174e+04       5070  1.575e+04       5322       3851       2343       7111  2.229e+04       9723
       2438       2644       4082       3943       2687       4995       3594       3508       1843       5224       1612       3437       1831       4070       6056      988.9 -1.847e+04 -2.736e+05 -7.556e+05 -1.647e+04 -6.978e+04 -1.907e+05 -6.465e+04 -1.564e+04 -1.065e+04   -1.6e+04 -3.739e+04  2.922e+04 -1.783e+04 -5.463e+04  -1.86e+04     -887.8      -7581      -5867       6584       3292       5868       9304       4550      -2895     -966.6       5008       7060       5975       1474       3707       4912       5306       7140       5395       3525       5689      157.9       2318       2362       7529       2505       8645  1.009e+04       5192       8591       6559      1e+04       6976  1.249e+04  1.089e+04       5283       8774       4076       6596  1.146e+04       8817       7832       6428  1.261e+04       7082       4417       6420  1.549e+04       6172  1.257e+04       8623       7234       5108  1.191e+04       6328  1.303e+04       1963       6072       3366       2532       9156       3344
       2172       5589       5002       5075       5649 -6.366e+04 -4.567e+04  1.004e+04       6364       9115       8080       5607       6709     -460.2       5970      25.63 -1.198e+04 -2.937e+04 -1.647e+04 -1.047e+07 -3.483e+06 -4.686e+05 -3.781e+04      -4702 -2.608e+04      -5862 -4.848e+04       9768 -2.468e+04 -3.439e+04 -6.833e+04  4.424e+04      -2294       4392       8990       6384   1.77e+04  1.011e+04       8867  1.375e+04 -1.239e+04      -8768 -1.321e+04  1.097e+04     -796.8  1.062e+04  1.844e+04  1.531e+04       9537  1.634e+04  1.352e+04     -89.95       8475  1.582e+04 -1.641e+04       1850       9800  1.223e+04  1.368e+04       9051       8971  1.728e+04  1.563e+04  1.376e+04  1.817e+04  2.097e+04       9012       7257  1.312e+04  1.284e+04  3.118e+04  2.197e+04       6891   1.25e+04  1.815e+04       9039       4636       8577  2.073e+04  1.225e+04  1.333e+04      -6540      -2275   1.97e+04       5788      33.74  2.488e+04       1334       6724       5730        902 -1.347e+05 -3.957e+04
       4173       1949       5794       9514       9734 -3.297e+04 -4.521e+04  1.214e+04       4045  1.555e+04  1.017e+04  1.014e+04       5358       7078       9834       3193 -1.126e+04 -5.062e+04 -6.978e+04 -3.483e+06 -1.149e+07 -2.695e+05  2.861e+04  -1.32e+04 -2.321e+04      -6585  -3.38e+04       9810 -6.817e+04 -1.125e+04 -7.096e+04 -1.612e+04 -1.031e+05  -1.25e+05  1.366e+04       5411   1.36e+04  1.708e+04       9774      -6845  1.495e+04       2556      -3720   1.72e+04  1.146e+04       9107  1.686e+04     -68.35      -8624  1.525e+04  1.545e+04       5565       5486  1.818e+04      -2696     -469.3  1.048e+04       9008  1.916e+04  1.495e+04  2.609e+04  3.013e+04  2.077e+04  1.239e+04  1.766e+04  2.186e+04       9666  1.601e+04  1.728e+04       9006  2.345e+04  1.427e+04       5720  1.627e+04  2.301e+04       9021       5675  1.079e+04  1.559e+04  1.308e+04  1.472e+04  1.882e+04       4439  1.168e+04  1.341e+04       8062  1.917e+04       3732       4998  1.329e+04 -1.182e+04 -6.636e+04 -7.503e+04
       3974      -3074      -4501  1.542e+04       2299  1.702e+04 -4.627e+04   1.93e+04      -5907   2.96e+04  4.194e+04  3.753e+04  1.337e+04  2.481e+04       8502       5628      -5832 -1.962e+04 -1.907e+05 -4.686e+05 -2.695e+05 -1.608e+08 -5.518e+06  1.264e+04  8.967e+04  1.409e+05 -1.549e+05      -1653  3.075e+04   1.01e+05 -3.572e+05  1.992e+04 -6.473e+04      -3864  2.692e+04       1218  3.519e+04  2.521e+04    2.6e+04 -2.421e+04  3.616e+04       7986  5.038e+04  2.842e+04  5.867e+04  4.108e+04  3.435e+04  -7.39e+04       8075  3.103e+04       2209  6.377e+04  4.126e+04  2.223e+04  4.938e+04 -5.234e+04      -1642  5.009e+04  3.424e+04       8448  4.059e+04  1.681e+04      -8931       8777  2.355e+04   2.74e+04  1.815e+04  2.452e+04   1.14e+04  3.071e+04   2.24e+04  4.454e+04  1.426e+04  3.527e+04  4.654e+04   1.03e+04   1.57e+04  2.831e+04  3.049e+04  2.199e+04  3.814e+04  3.367e+04  1.068e+04  4.862e+04  6.882e+04  2.756e+04  3.743e+04  3.438e+04  1.984e+04 -4.525e+04      -5882  4.126e+04  4.875e+04
        374       6968       -717  1.536e+04       1514 -4.585e+04 -3.174e+04       1156       7852       9393  2.244e+04  2.847e+04      82.95  2.522e+04   1.13e+04  2.497e+04      -5705   4.76e+04 -6.465e+04 -3.781e+04  2.861e+04 -5.518e+06 -7.588e+07  1.408e+04  3.769e+04     -199.7   6.85e+04  7.728e+04 -3.211e+05  1.036e+05  7.511e+04  1.233e+05 -1.131e+05 -3.924e+04  3.459e+04      -6010   3.38e+04  3.186e+04  1.515e+04 -1.376e+04  2.421e+04       1491  3.996e+04  1.993e+04  3.872e+04       7305  4.988e+04    2.7e+04  1.022e+04  2.141e+04  1.211e+04   2.75e+04  1.615e+04       6663 -2.453e+04       7518 -6.677e+04  3.019e+04  3.821e+04  1.536e+04  6.558e+04  8.237e+04  3.267e+04  1.107e+04  2.323e+04       2430   1.51e+04  2.053e+04 -1.295e+04 -2.047e+04       8310  4.368e+04  2.669e+04   1.04e+04  7.601e+04       4630       3068  2.487e+04  4.914e+04  3.889e+04  3.382e+04  2.674e+04   1.64e+04 -8.723e+04  3.703e+04  2.606e+04  3.321e+04 -2.351e+05       5678      491.3  2.991e+04  8.575e+04  1.862e+05
       1399       1384       2024       3387       2290       2375       4410       3114        978       3214       1798       4098       2061       3327       4366     -287.9 -1.345e+05      -6047 -1.564e+04      -4702  -1.32e+04  1.264e+04  1.408e+04 -2.226e+05  1.481e+04 -5.173e+04 -3.822e+04       5641 -1.472e+04 -1.222e+04 -1.534e+04 -3.459e+04 -2.124e+04 -1.803e+04       4160       2639       4052       4149       1965       1128       8904       7081       7624       2494       1657       2580      243.5       4568       4565       1696       3364       6167       4137      459.7       1485       8448       7244       4827       5596       1434       6720       4256       5440       3102       4430       5764       3426       2950       1847       3481       7370       6146       4267       3640       6495       5270       3039       3933       3846       2079       4484       9229       2460       2611       2081       4403       8462       3688       2018       7501       5097       9557       6961
       2602       3270       4940       5270       5461        571       2891       5079       2668       8374       2196       4238       3447       2203       5882       3990  1.375e+04 -1.409e+04 -1.065e+04 -2.608e+04 -2.321e+04  8.967e+04  3.769e+04  1.481e+04 -2.689e+06 -1.687e+06 -7.377e+04      -3130 -6.462e+04 -4.719e+05 -3.253e+05 -2.659e+05 -1.004e+05 -2.288e+05       9989       4052  1.066e+04  1.059e+04       6414       2190  1.067e+04     -717.8       7967  1.257e+04       8154  1.126e+04       9741       9604       8003  1.784e+04       3775       6395       9266       8550       1789       4161  1.197e+04       5483  1.447e+04       7304       1687       8923  1.184e+04  1.163e+04  1.783e+04  1.356e+04       8896       7411       7498       5475  1.698e+04  1.604e+04       7212  1.123e+04  1.085e+04  1.388e+04       6260  1.421e+04  1.295e+04       8793  1.153e+04  1.406e+04       6866  1.126e+04       8727       8617  1.957e+04       8833  2.119e+04       5659      -4508 -2.765e+04  2.617e+04
       3377       4500       6475       5947       3814       2406      -9003       8820       4011  1.047e+04       4184       8253       8188       6661       6039       3459 -3.564e+04  -1.38e+04   -1.6e+04      -5862      -6585  1.409e+05     -199.7 -5.173e+04 -1.687e+06 -4.643e+06 -1.305e+05 -9.424e+04  -1.08e+05 -5.592e+05 -2.886e+05 -2.613e+05 -1.038e+05 -1.919e+05  1.187e+04       4144  1.109e+04       8187       8205  1.153e+04  2.639e+04      -1778   2.05e+04   1.55e+04       9282  1.251e+04       6244       5457       5217  1.521e+04       6480       9267  1.721e+04      -1288       4663       3595       7401       7829  1.385e+04       8238       3632       5050  1.229e+04  1.112e+04  2.064e+04  1.083e+04       9698       9348       8726       3458  1.664e+04  1.627e+04  1.146e+04  1.023e+04       4826   1.35e+04       7925  1.367e+04  1.327e+04  1.146e+04       8331   2.28e+04       9912       9063       2962  1.263e+04  2.536e+04       8180   2.06e+04  1.422e+04      -8619       5109  2.376e+04
       3044       4873       4308       4643       2085       9665 -1.197e+04      -1932       1241       2985       5996       8217       4801       8591       7386     -864.7 -1.858e+04 -2.072e+04 -3.739e+04 -4.848e+04  -3.38e+04 -1.549e+05   6.85e+04 -3.822e+04 -7.377e+04 -1.305e+05  -4.72e+06      -5950 -1.079e+06 -1.243e+06  -2.49e+05 -3.034e+05 -1.597e+05 -9.373e+04       9601       3430       7149       9396  1.008e+04       6369  1.689e+04       7689      679.2       7874  1.129e+04  1.481e+04       8730       8628  1.602e+04  1.547e+04  1.096e+04  1.052e+04       7824  1.565e+04  1.134e+04      -5091      192.4 -1.762e+04       3325       5340  1.399e+04       7572       7916  1.533e+04  1.967e+04  1.108e+04       9594  1.333e+04  1.427e+04  1.447e+04  1.319e+04  2.202e+04       6981  1.141e+04  1.568e+04  1.868e+04       7710       9542  1.473e+04  1.078e+04  2.311e+04  2.528e+04       8399       9166  1.905e+04  1.275e+04  1.748e+04  1.558e+04   1.04e+04       6526  2.764e+04      -4714 -4.695e+04
       5017       5632       4250  1.415e+04      150.9  2.645e+04  3.188e+04       2991      -1007 -3.334e+04  2.111e+04      -3390 -4.563e+04       8861  1.414e+04 -1.339e+04   3.41e+04   2.67e+04  2.922e+04       9768       9810      -1653  7.728e+04       5641      -3130 -9.424e+04      -5950 -3.035e+06 -4.312e+05 -9.059e+04 -2.181e+04      -5639     -557.5  -5.13e+04 -3.938e+04  2.052e+04   1.21e+04   3.27e+04  5.148e+04  3.786e+04  4.259e+04  -4.55e+04 -3.615e+04  5.448e+04  6.247e+04 -1.007e+04  4.705e+04 -1.143e+05 -2.069e+04  5.508e+04  4.873e+04  1.874e+04 -1.811e+05  3.208e+04  3.808e+04  5.533e+04 -4.151e+04      -7001  3.702e+04  3.595e+04       6408 -2.821e+04  3.867e+04 -1.521e+04  3.655e+04  3.835e+04  3.459e+04  4.088e+04  4.168e+04  3.728e+04   5.05e+04 -8.225e+04  1.277e+04  1.522e+04  4.157e+04  2.699e+04  1.931e+04 -1.262e+04  5.139e+04  3.809e+04  5.303e+04  4.034e+04  5.271e+04  4.615e+04  2.291e+04  -5.07e+04 -1.634e+05  2.085e+04  1.573e+04    1.5e+04  1.745e+04  1.807e+04  3.199e+04
       1891       1211      -2394       5299       8761 -1.556e+04 -3.187e+04  1.136e+04       4642       8403    2.4e+04  1.986e+04  1.178e+04       9265       4220  1.335e+04 -3.061e+04      -9664 -1.783e+04 -2.468e+04 -6.817e+04  3.075e+04 -3.211e+05 -1.472e+04 -6.462e+04  -1.08e+05 -1.079e+06 -4.312e+05 -1.966e+07 -6.082e+05 -3.534e+05 -5.348e+05 -2.577e+05 -2.142e+05  1.047e+04       7882  1.516e+04  1.634e+04   2.86e+04  1.968e+04       7297      475.4      -9386  3.154e+04  3.757e+04  2.098e+04  2.862e+04      -4179       9628  2.894e+04  2.538e+04  2.248e+04 -4.161e+04  4.017e+04  2.336e+04  1.086e+04      -3689   2.19e+04  1.488e+04   1.27e+04  2.565e+04  3.191e+04       9120  2.268e+04  2.688e+04  2.312e+04  2.059e+04  1.785e+04  1.314e+04  3.071e+04  2.076e+04  3.211e+04  1.521e+04  2.033e+04  2.862e+04  2.383e+04  1.937e+04  1.037e+04    3.1e+04  2.939e+04  2.797e+04  2.487e+04   3.01e+04  1.604e+04   4.34e+04  2.686e+04       3691  1.864e+04   2.73e+04 -1.204e+04 -2.449e+04  3.384e+04  5.606e+04
       2483       4223       6416       7943       2323      -5326      -8312  1.294e+04      738.5       8233       2406  1.483e+04  1.008e+04       5417  1.531e+04       3691      -1784 -3.802e+04 -5.463e+04 -3.439e+04 -1.125e+04   1.01e+05  1.036e+05 -1.222e+04 -4.719e+05 -5.592e+05 -1.243e+06 -9.059e+04 -6.082e+05 -2.383e+07 -4.945e+05 -6.155e+05 -3.957e+05 -2.029e+05  1.312e+04       3274  1.199e+04  1.131e+04       8471       3427 -1.123e+04       6885 -2.119e+04  1.331e+04  2.406e+04  1.351e+04  1.424e+04       8718  1.806e+04  2.263e+04  2.783e+04       2514       1993   2.34e+04  1.458e+04  3.145e+04 -1.293e+04  2.128e+04       9419  1.265e+04  1.429e+04   2.53e+04  1.175e+04  1.632e+04       9474  2.919e+04       3525  2.054e+04       -446      549.9  2.661e+04  1.987e+04   2.05e+04  1.634e+04  2.105e+04   1.95e+04  1.189e+04  1.202e+04  2.904e+04       6639  1.179e+04       8533  1.749e+04  2.359e+04  1.607e+04  2.956e+04  3.518e+04  1.996e+04      -2041  2.959e+04  1.421e+04 -6.667e+04  1.187e+05
       2539       4449       5922       7305       5147  -2.67e+04 -2.947e+04  1.074e+04       5015  1.037e+04  1.208e+04       8120       5117       4148  1.044e+04       5560 -1.314e+04 -3.105e+04  -1.86e+04 -6.833e+04 -7.096e+04 -3.572e+05  7.511e+04 -1.534e+04 -3.253e+05 -2.886e+05  -2.49e+05 -2.181e+04 -3.534e+05 -4.945e+05 -5.742e+06 -5.473e+05 -2.528e+05 -9.297e+04   1.23e+04       6079   1.13e+04  1.461e+04  1.288e+04  3.083e+04  1.485e+04       7848 -1.119e+04  1.496e+04  2.491e+04  1.256e+04  1.662e+04       6761       5559  2.366e+04  2.656e+04       8239  1.328e+04   1.89e+04  1.412e+04       1330       7927  1.663e+04  1.844e+04  1.051e+04       8740   1.18e+04  1.739e+04  1.386e+04  1.856e+04  1.453e+04       8244  1.543e+04  1.175e+04  1.585e+04  2.112e+04  1.035e+04       9760  1.114e+04  2.205e+04  1.227e+04       5566  1.568e+04  2.313e+04  1.617e+04   2.54e+04  2.702e+04   1.31e+04  1.829e+04  2.511e+04  1.012e+04  2.742e+04       2935  1.152e+04      -9138 -1.836e+04      -5640 -9.767e+04
       1827       3588       3274       6581       7488 -2.979e+04  -2.29e+04  1.103e+04       3504  1.046e+04       9359       3325       6420       3390       6816       3162 -2.088e+04      -6185     -887.8  4.424e+04 -1.612e+04  1.992e+04  1.233e+05 -3.459e+04 -2.659e+05 -2.613e+05 -3.034e+05      -5639 -5.348e+05 -6.155e+05 -5.473e+05 -8.396e+06 -2.894e+05 -3.211e+05       8202       8062       9250  1.454e+04  1.428e+04       3101       7135  1.189e+04  1.273e+04  1.835e+04       8954  1.308e+04       9810       6351   1.66e+04  2.104e+04   1.63e+04       6980       6597       6000  1.373e+04  3.094e+04  3.173e+04  1.779e+04  1.535e+04       9351  1.299e+04  1.467e+04  1.802e+04  1.851e+04  1.699e+04  1.812e+04  1.634e+04  1.456e+04  1.517e+04       6042  2.537e+04  1.448e+04  1.547e+04       8923  2.545e+04  1.876e+04       9997   1.45e+04  2.966e+04   1.31e+04  2.147e+04  2.653e+04   2.85e+04       8212  3.264e+04  1.741e+04  3.528e+04  1.033e+04  1.114e+04       7083  1.752e+04      -1447 -2.495e+04
       3973       4647       4765       4621       6905 -3.063e+04 -5.022e+04  1.064e+04       3861   1.19e+04  1.269e+04  1.137e+04      145.4  1.059e+04       5994       7536 -1.886e+04      -8242      -7581      -2294 -1.031e+05 -6.473e+04 -1.131e+05 -2.124e+04 -1.004e+05 -1.038e+05 -1.597e+05     -557.5 -2.577e+05 -3.957e+05 -2.528e+05 -2.894e+05 -1.361e+07 -5.361e+05       9745       7335  1.066e+04  1.926e+04  2.022e+04       8264 -1.802e+04       3826     -136.1  2.202e+04  1.337e+04  1.812e+04       5671       3048  2.233e+04  1.456e+04  1.587e+04  2.051e+04       2079       7848       9368      -4555      -1685 -1.958e+04  1.725e+04       6546       9555  2.214e+04       8246  1.381e+04       9248  1.566e+04       4508  1.376e+04  1.204e+04  1.068e+04  1.498e+04   1.36e+04  1.966e+04       7770  1.069e+04       9014       2173       9942  1.995e+04  1.531e+04  2.624e+04  2.301e+04  1.458e+04  2.335e+04  2.495e+04  1.427e+04  2.925e+04       8183  1.551e+04  1.006e+04      -8436      853.6  1.966e+04
       1027       1944       3597       6757       7628 -1.453e+04       7539  1.161e+04       3299       6541  1.008e+04  1.446e+04       3805       9034       6035       6875 -1.004e+04      -7636      -5867       4392  -1.25e+05      -3864 -3.924e+04 -1.803e+04 -2.288e+05 -1.919e+05 -9.373e+04  -5.13e+04 -2.142e+05 -2.029e+05 -9.297e+04 -3.211e+05 -5.361e+05 -9.949e+06  1.238e+04       3632  1.385e+04  1.173e+04  1.676e+04  1.667e+04  1.878e+04       3872  1.956e+04       9466       2278       9573       6752     -917.3       7959       8951  1.012e+04  1.384e+04  1.415e+04  1.852e+04  2.122e+04  3.104e+04  4.484e+04      -1330  1.646e+04  1.294e+04       4031  1.853e+04  1.273e+04  1.637e+04  1.547e+04   1.15e+04  1.578e+04  1.265e+04       9153  1.932e+04  1.262e+04  1.174e+04  1.503e+04  1.867e+04  2.482e+04  1.586e+04       6782  1.488e+04  2.509e+04  1.817e+04   2.97e+04  1.904e+04   1.11e+04  2.205e+04  1.974e+04  1.826e+04  2.782e+04  1.961e+04   2.74e+04      -5612  1.271e+04 -1.755e+04 -1.159e+05
     -865.6      -2323      -4253      -4637      542.8  1.106e+04       9513     -524.2      825.2      -5929       3062       4905       2913       3727 -1.411e+04 -2.038e+04       3016       4744       6584       8990  1.366e+04  2.692e+04  3.459e+04       4160       9989  1.187e+04       9601 -3.938e+04  1.047e+04  1.312e+04   1.23e+04       8202       9745  1.238e+04 -1.385e+05     -5.522  -4.76e+04      -2839       5275       9073  1.269e+04       7972  1.202e+04       2810       4564       5287       3051      -5973       7700       3554       3524       7359      -8829       7162       9581  1.089e+04       9745       6614      -8127       2430       7396       7500      -3292      -1148      -2700       2088       3628       2316       5022       3515      368.3      -6930       4220       2152       2864       3722       3372      -1548       4724       5013       5056       6702       8548       5443       4537       8192 -1.167e+04       5816       5978  1.141e+04       9461  1.458e+04   1.51e+04
