
 48

(Scur: 1.001917, Iele: 0.650530, (((Blyn: 0.039974, Blin: 0.032817): 0.259994, (Afr1: 0.501787, (Bher: 0.159099, (Stsp: 0.220328, Tpla: 0.255294): 0.032146): 0.102917): 0.068548): 0.495137, (((Tlon: 0.084736, (Tces: 0.008341, (Tcit: 0.000616, Tcjp: 0.001444): 0.007106): 0.071486): 0.107019, (Lubb: 0.029604, ((Lcry: 0.028847, Lpac: 0.004510): 0.021128, (Lapu: 0.018214, (Lcou: 0.008157, Lart: 0.010928): 0.011364): 0.002975): 0.009878): 0.152955): 0.376781, (Lysp: 0.575376, (((Cpil: 0.046076, (Ozsp: 0.102633, Orub: 0.054738): 0.012816): 0.182658, ((Eosp: 0.216132, (Ldah: 0.127153, Etic: 0.114654): 0.115121): 0.037871, ((Mesp: 0.089995, Etex: 0.090578): 0.098919, (Puru: 0.055220, (Lpar: 0.044802, Lbir: 0.046016): 0.041340): 0.105477): 0.078555): 0.049634): 0.211716, ((Chis: 0.106687, C146: 0.096760): 0.284460, (Scry: 0.332090, ((Pped: 0.265428, (Pleu: 0.170842, Enor: 0.163711): 0.124741): 0.083952, ((Elam: 0.215785, Aema: 0.300388): 0.091320, ((Bosp: 0.298170, Mosp: 0.376744): 0.043189, (Masp: 0.257493, ((Svet: 0.124922, Smuc: 0.239643): 0.040475, (Cqua: 0.178587, (Dmag: 0.151057, (Dgal: 0.070029, (Dpul: 0.008776, Dpli: 0.006779): 0.051491): 0.052677): 0.083468): 0.022361): 0.085279): 0.039830): 0.020500): 0.066567): 0.053706): 0.059822): 0.100566): 0.076658): 0.081360): 0.100575): 0.173482);

  1.001917  0.650530  0.173482  0.495137  0.259994  0.039974  0.032817  0.068548  0.501787  0.102917  0.159099  0.032146  0.220328  0.255294  0.100575  0.376781  0.107019  0.084736  0.071486  0.008341  0.007106  0.000616  0.001444  0.152955  0.029604  0.009878  0.021128  0.028847  0.004510  0.002975  0.018214  0.011364  0.008157  0.010928  0.081360  0.575376  0.076658  0.211716  0.182658  0.046076  0.012816  0.102633  0.054738  0.049634  0.037871  0.216132  0.115121  0.127153  0.114654  0.078555  0.098919  0.089995  0.090578  0.105477  0.055220  0.041340  0.044802  0.046016  0.100566  0.284460  0.106687  0.096760  0.059822  0.332090  0.053706  0.083952  0.265428  0.124741  0.170842  0.163711  0.066567  0.091320  0.215785  0.300388  0.020500  0.043189  0.298170  0.376744  0.039830  0.257493  0.085279  0.040475  0.124922  0.239643  0.022361  0.178587  0.083468  0.151057  0.052677  0.070029  0.051491  0.008776  0.006779

 -0.015701  0.016222 -0.031746 -0.027252  0.091470 -0.019030  0.444102 -0.110037  0.000000 -0.065442  0.101440 -0.060906  0.023849  0.126126 -0.006347 -0.021985  0.110419  0.149177  0.293351  0.617670  0.590685  2.523493  1.447281 -0.005049  0.076886  0.117582 -0.013681  0.104099  0.478637  0.643028  0.541938 -0.090935  0.665127 -0.203828  0.097967 -0.009607  0.085420  0.142191  0.180137  0.126868  0.155172  0.172094  0.268208  0.082074  0.139088  0.193366  0.104397  0.130136  0.060576  0.028063 -0.206576 -0.106804  0.127028  0.246420  0.335383  0.233649  0.154878  0.207007  0.132222 -0.051661 -0.076791  0.063687  0.119730  0.022722  0.212125 -0.124583  0.107636  0.020701  0.169029  0.271103 -0.024013  0.029869  0.077560  0.054609 -0.125484 -0.177437 -0.066361  0.203786 -0.080608  0.135163  0.123358 -0.059300  0.000000  0.101423 -0.127533  0.124457  0.023638  0.122377  0.103954  0.227385  0.270143  0.019618  0.343425


Hessian

 -1.231e+04     -169.5      -3802     -690.8      490.5       1797       1754      477.7      254.7       1139       1371       1940      918.1       1447      -1805     -194.9       1226       2110       2554       1722       4481       3598      347.9       1388       2735       3287       3174       5003       1564       2506       2272       2266       3968       1457      -1002      168.4     -496.3      118.8       1255       2053       2704       2056       3326       1584       1777       1726       1463       2148       3261       1554       1903       2526       2431       2386       3217       4357       1960       2487      253.4       1129       2659       2141      793.6       1252        810       1595       1169       1254       1483       1544       1640       1912       2124       1324       2291       2023       1321      918.2       2642       1723       2471       3243       2667       1799       3316       2409       2721       2770       2970       2794       3413       6407       5879
     -169.5 -2.196e+04 -1.116e+04     -496.9      424.2       2183       2130        409      359.9      950.1       1645       2177       1229       1782      -5878       -623       1378       2975       2525       5763       2624      -1979       8099       1497       3584       5127       4615       5763       1057       5524       4367       3695       4290       2282      -2530      329.3      -1554      97.16       1630       3580       5274       3615       4771       1575       2565       2294       2189       2998       3728       2429       2124       3830       2682       3187       4047       4687       4766       4256       -363      889.5       3112       2393      696.5       1193       1390       1985       1395       1686       1955       1993       1659       2152       2549       1560       2203       2622       1646       1139       2748       2100       2944       3760       3349       2183       4397       3386       2502       3017       3382       3586       3974       8172       5612
      -3802 -1.116e+04  -4.62e+04     -274.3      461.3       2507       3449      421.7      187.9      649.6       2092       2734       1795       2455 -1.276e+04     -849.5       2343       4029       4222       6096       5994      -2656       1139       2199       4992       6859       4344       4510      -3507       7499       6342       3360       4571       3641      -4582      183.5      -2641     -43.32       2209       5128       5937       4340       5833       1997       3004       3284       2870       3086       4712       2159       2692       4986       2798       4040       4976       5667       5276       4743      -1139      871.5       4102       2969      184.8       1284       1194       2110       1563       2010       2434       2581       1866       1681       3118       1741       3111       2951       1992       1191       3512       2965       3424       4793       4254       3235       4664       4290       2445       4541       4754       5241       5277       9025       9974
     -690.8     -496.9     -274.3 -3.276e+04      -1938       2951       2997      -5206     -998.7      -2850     -208.6      418.9      921.5      588.4 -1.369e+04     -667.7       2900       4500       4346       4944       8778  1.391e+04  1.466e+04       3251       5555       6190       5370  1.434e+04       5087       8154       7550       6407       3081       6901      -4506       -174      -3898      -1367       2422       5355       5527       4287       6361       2118       2544       3404       2601       4852       6227       1610       2949       5543       6464       3829       4524       5775       5652       5028      -1851       1466       3817       4848     -556.4       1839      314.9       2087       1936       2063       2948       2558       1293       3934       3421       1727       2716       2246       1519       1219       2852       3169       3240       4085       4483       2801       5222       4373       4784       4223       5139       5498       5866       7902       5697
      490.5      424.2      461.3      -1938 -8.341e+04       3348      -1110 -4.373e+04      -1969 -2.901e+04      -9023      -3408      -1799      -1177     -610.7       1241       1584       3130       3756       6713  1.055e+04      922.8       4104       2491       5519       4144       3841      326.1  1.031e+04       2926       5999       7740       6136       7157      779.1       1637       1553       1630       2519       4156       6005       5423       7001       3467       3004       2802       1540     -447.3       5929       2282       2415       6125      -1015       4329       5026       5852       9722       5572       2769       2972       6038       5276       3802       1753       4450       4399       2629       3794       3327       2764       4191       1868       3466       2723       4690       3529       2565       1580       5439       3627       4990       7151       5443       3876       4975       5146       1094       4319       5398       6307       5796       9139       9944
       1797       2183       2507       2951       3348 -1.581e+06 -9.986e+05       5963     -279.3       4476     -441.5     -156.8     -702.5       1445       4869       6944       6038       1672       3116 -5.699e+04 -2.282e+04  2.268e+04 -5.698e+04       2723       5651       8500       8559  2.365e+04 -2.323e+04      -3493  -2.91e+04 -3.213e+04 -2.929e+04      -9573  1.071e+04       4882       8706       8320  1.123e+04       7624  1.645e+04       3612  1.108e+04   1.05e+04  1.201e+04       7063       9229       9043  1.246e+04  1.086e+04  1.502e+04  1.434e+04  1.326e+04  1.797e+04       6301       8861       5619       4097  1.182e+04       6049       9845  1.141e+04  1.285e+04       9819  1.325e+04  1.069e+04  1.081e+04       6864       7417       7325  1.295e+04  1.404e+04       4808       8087  1.583e+04       9016       6713       7877   1.24e+04       7389  1.237e+04  1.766e+04       8787       8448  1.369e+04  1.046e+04  1.347e+04       7358       9975       3102       9482       2504       2496
       1754       2130       3449       2997      -1110 -9.986e+05 -1.701e+06       3626      369.6       2332     -510.8     -729.9     -268.7     -291.5       4461       7442       6800      -2194     -174.5 -3.752e+04  -2.89e+04 -3.582e+04 -3.667e+04       4485       8239      876.2      -9991  2.964e+04 -3.266e+04     -662.3 -2.863e+04 -2.144e+04 -4.182e+04       9519       9581       4828       8336       8360  1.053e+04       1719       7407       2106       9699  1.132e+04       9217       6808       8388       5119  1.168e+04       9579  1.177e+04  1.612e+04  1.446e+04  1.447e+04  1.132e+04       9990       3639       5453       8604       7150       9703       8284  1.463e+04       8068  1.521e+04  1.401e+04       8454  1.059e+04       9620       8126  1.362e+04  1.563e+04       5608       8630  1.319e+04  1.118e+04       7500       9380       9060       9412       9489  1.436e+04  1.082e+04       8125  1.311e+04  1.015e+04   1.22e+04       4618       7421       3826  1.105e+04  1.425e+04       9170
      477.7        409      421.7      -5206 -4.373e+04       5963       3626  -1.36e+05      -2583 -5.357e+04 -1.473e+04      -5673      -2484      -2332      -2983       1294       2467       5070       4840       9180    1.2e+04  1.791e+04       3980       3298       5326       9770      115.4       2912  1.444e+04  1.292e+04   1.11e+04  1.033e+04       8740   1.15e+04     -358.7       1295      215.1       1754       2470       4879       7741       4847       7007       3215       2799       2539       2854       3367       7373       3355       3832       6561       3780       3469       6088       5011       9751       5753       1479       2606       5681       5162       4413       2499       4127       3820       2993       3392       4638       3129       4210       3033       4108       3062       3383       3386       1978       2075       4295       3261       4361       6389       4881       3810       4584       3807       3594       4891       5384       6737       7904  1.275e+04    1.5e+04
      254.7      359.9      187.9     -998.7      -1969     -279.3      369.6      -2583 -3.199e+04      -7469      -2378      -1008     -287.7     -659.9      10.32      839.8       1272       1459       2020       6300       2537      -6688  1.013e+04       1156       2923       4586       2043      -1255       5486       1291       4405       4012       3173       2843      976.5       1298       1259       1946       1703     -831.2       4457       4349       5125       3062       2986       1299       2354       1708       4155       2512       2561       3848       1518       2408       3862       4594       7387       4097       1977      608.5       3560       2016       1762       1542       2360       2293       1777       2141       2657       1918       2974       1675       2144       1368       2840       2055       1838       1084       2624       1900       2659       4983       2502       2343       3139       2850      494.8       2739       2892       2272       2706       7880       8199
       1139      950.1      649.6      -2850 -2.901e+04       4476       2332 -5.357e+04      -7469 -1.198e+05 -2.404e+04      -8875      -2963      -3004      -1047       1406       2556       5606       5862       8973  1.411e+04  2.609e+04  1.224e+04       3223       8131  1.013e+04       3345  -3.48e+04       9881  1.078e+04       9699       9164       9964       6171      -4874       2148      704.3       3004       1890       2690       6453       5525       3902       5095       3363      982.9       2388      -4260       6839       5752       4384       6062      -7622       5027       6569      -3674       9819       4767       3395       3686       8177       6111       5294      871.3       6179       5459       2514       5166       5232       4197       5086      -3874       3589       2811       5416       5383       3048      606.6       7113       4477       7269       8505       6621       4952       5099       5292      -8401       5308       4629       8559       7997  1.308e+04  1.398e+04
       1371       1645       2092     -208.6      -9023     -441.5     -510.8 -1.473e+04      -2378 -2.404e+04 -1.615e+05 -5.704e+04 -1.548e+04  -2.06e+04       1599       3318       1999      914.5       2999       8682  1.076e+04   4.09e+04  2.431e+04       2063       3548       4601       7302    2.2e+04  2.395e+04       3847  1.153e+04       6766       8084   1.19e+04       3329       1659       3353       3959       1416       1607       1829       2594       6083       4091       2298      814.2       2697       6216       5022       3274       3421       2778       7134       3061       4231       1479       6528       1137       4646      899.5       5384       2571       6290       4526       6063       4586       2724       3832       2636       3570       5752       6349       3732       3277       7590       5040       2934       4619       5772       3547       4562       5946       3497       3158       6731       3953       7973       3024       6379       6759       7636       1424  1.309e+04
       1940       2177       2734      418.9      -3408     -156.8     -729.9      -5673      -1008      -8875 -5.704e+04 -2.299e+05 -3.237e+04 -5.221e+04       2065       4118       4417       3594       3874       5951       4236  3.984e+04  3.329e+04       3996       3187       7042       9483      -3192  1.727e+04  1.535e+04       8801       2392       9433  1.568e+04       4899        907       4792       4771       3210       4885      -1276      -5161      51.79       4846       2827       2243       3245       5588      -3988       3489       4182      -1368       8613       4380       4781     -863.8      501.1       6351       6053       2473      -1312      -1625       7669       6291       8163       2987       3364       4099       2430       2294       7378       6565       1732       4534       6667       5624      -1799       5579       8280       5403       6096      -5297       4672       4100       4075       3762       9273       4997       7429       7671       7970 -1.149e+05      -8215
      918.1       1229       1795      921.5      -1799     -702.5     -268.7      -2484     -287.7      -2963 -1.548e+04 -3.237e+04 -7.852e+04      -5156       1990       2233       3012       1371       2089       7103       6167  1.091e+04       5100       1967       3413       7571       4733 -4.696e+04       9379       8564       5432       6579       1694       5317       2990       2148       3216       3112       2213       1887       2847      -6071      -4175       3385       2909      -2414       1745       2802       1660       1928       2663       3061       2635     -70.06       1285      -2992     -449.5      -5074       3813       2091       1640       2502       4146       3134       4525       4009       2904       3057       2178       2925       4775       3726       2592       2610       4655       1600     -385.1       2137       4281       2390       3089       2794       2957       3084       2502      -6457       3491       3059       4887       4060       4847 -2.502e+04      -3990
       1447       1782       2455      588.4      -1177       1445     -291.5      -2332     -659.9      -3004  -2.06e+04 -5.221e+04      -5156  -9.17e+04       2393       3273       2334       3694       4540      158.6       7139  2.514e+04  2.672e+04       3222       2328       7322       7808       9048       8128       4553       4665       2586  1.077e+04  1.031e+04       3854      276.7       4126       4272       2845       3734      -1550      -3652       1325       3828       3515       2690       2603       5095      -8894       3424       3718      -7473       6497       2752       4026      -2587     -371.4       6029       5183       2134      -8867      -3689       5651       4837       5724       1529       2712       3110       2377       2811       5561       6412      -1003       3664       4939       3764      -1495       4196       5851       3682       3779      -6072       2419       3506       3549       4855       6989       4674       6421       7628       8437 -1.708e+04       7481
      -1805      -5878 -1.276e+04 -1.369e+04     -610.7       4869       4461      -2983      10.32      -1047       1599       2065       1990       2393 -9.251e+04      -1759       3763       6730       6161       6967       9854       9242  1.368e+04       4272       6996       6907       7391  1.427e+04       3739  1.159e+04  1.083e+04       7294       4369       6980 -1.416e+04     -191.7      -9045      -2439       2874       7081       8478       5778       8031       1519       2752       4421       3681       5004       7500       1798       3119       6540       6057       5094       6067       7190       7874       5395      -3707       1583       5822       5101      -1632       2023     -800.9       2954       1658       2100       3841       3081       1464       3479       4155       1594       2655       2156       1826      727.8       3243       3808       4035       6040       5935       3644       6722       5962       4318       5816       6981       7440       7541  1.103e+04  1.099e+04
     -194.9       -623     -849.5     -667.7       1241       6944       7442       1294      839.8       1406       3318       4118       2233       3273      -1759 -5.287e+04      -1286     -903.5       1001      587.4       3058       8179  2.551e+04     -914.6       3808       2637      -1247 -1.333e+04  1.252e+04       6052       6557       3614       7206       7553 -2.041e+04     -321.9 -1.278e+04      -2125       3162       5413       6839       5354       8394       1163       1926       3790       2105      297.1       5003       2327       3010       5381     -176.9       4757       5710       8994       9022       5276      -4177       1385       5437       5019     -823.6        289      236.2       2305       2536       2070       2785       2437       1595      492.1       3148       2103       3216       3321       2734       1155       3471       3352       3353       5993       5459       3770       4201       6021      372.7       4922       5129       6716       7888  1.023e+04       5921
       1226       1378       2343       2900       1584       6038       6800       2467       1272       2556       1999       4417       3012       2334       3763      -1286 -2.657e+05      -7273 -1.791e+04 -1.169e+04 -1.026e+04      -3531 -1.084e+04 -1.402e+05  1.477e+04 -3.412e+04 -2.169e+04  3.514e+04 -2.422e+04      -5143 -1.334e+04 -2.135e+04 -1.378e+04      -9365       3000       2019       3028       4214       1496       2228       6716       5525       7795       2395       1758       2677      439.3       4065       5952       2125       2258       6027       5008       2876       2915       8160       8132       3746       5316       1733       7384       6617       4861       3204       6350       5092       3762       3461       2925       4301       7447       6963       3875       4587       6633       6109       3441       2878       6631       3166       5819   1.02e+04       3468       4034       2989       4597       7270       3719       5419       9910       5019       4430       5026
       2110       2975       4029       4500       3130       1672      -2194       5070       1459       5606      914.5       3594       1371       3694       6730     -903.5      -7273 -7.089e+05 -2.921e+05 -3.042e+04 -5.768e+04 -1.665e+04  2.484e+04      -7331 -1.339e+04      -8404 -1.775e+04  2.643e+04      -2915 -3.313e+04 -2.893e+04      -3547      -4884 -1.058e+04       5009       3662       6206       7188       4846       4646       6621       3891       9307       5087       4630       5159       2389       3698       7251       3785       2669       6281       5298       4557       3111  1.178e+04       4893       6631       9542       5508       5293       4223       9985       8558       9981  1.045e+04       6962       7655       5893       6497  1.097e+04  1.159e+04       6259       5654  1.701e+04       5855       4906       7253  1.276e+04       6950  1.127e+04  1.153e+04       6480       6416  1.116e+04       6844  1.562e+04       6251       4850       6475       8893   2.71e+04       5159
       2554       2525       4222       4346       3756       3116     -174.5       4840       2020       5862       2999       3874       2089       4540       6161       1001 -1.791e+04 -2.921e+05 -7.833e+05 -2.074e+04 -8.415e+04 -1.934e+05 -9.934e+04 -1.579e+04      -7538  -1.08e+04 -3.279e+04  2.819e+04 -1.932e+04 -5.897e+04 -1.462e+04        478      -6160      -4491       6748       3705       6098       9759       5742     -326.6       3177       6387       9157       6577       1313       3597       5526       5578       7213       6072       4984       6098       1451       3839       4213       8793       3483       6832  1.071e+04       5195       7985       6159  1.117e+04       7114   1.28e+04  1.097e+04       6518       8982       5060       7282  1.168e+04       9018       7429       6934  1.358e+04       8286       4832       7197  1.552e+04       6582  1.417e+04       8013       7109       5860  1.215e+04       6998  1.336e+04       3155       5004       6250       3567  1.235e+04       4232
       1722       5763       6096       4944       6713 -5.699e+04 -3.752e+04       9180       6300       8973       8682       5951       7103      158.6       6967      587.4 -1.169e+04 -3.042e+04 -2.074e+04 -1.072e+07 -3.672e+06 -4.757e+05 -1.707e+04      -5728 -2.518e+04      -9984 -3.972e+04      -7503      -5978  -6.16e+04 -6.914e+04  2.539e+04  1.271e+04       5644  1.063e+04       8012  1.893e+04  1.079e+04       9820  1.485e+04      -6504      -4418      -5510       7411       2908    1.1e+04  1.791e+04  1.325e+04  1.159e+04  1.537e+04  1.147e+04      427.9       7551  1.629e+04 -1.469e+04       1673   1.58e+04  2.238e+04  1.456e+04  1.068e+04       3562  1.587e+04  1.837e+04  1.678e+04  2.185e+04  2.007e+04       9706  1.114e+04  1.582e+04  1.557e+04  3.157e+04  2.168e+04       7667  1.104e+04   2.27e+04   1.13e+04       5676       8408   2.44e+04  1.093e+04  1.427e+04      -5176       1867  1.952e+04       8018       2619  1.856e+04      168.8  1.053e+04  1.742e+04  1.014e+04 -1.193e+05 -1.789e+04
       4481       2624       5994       8778  1.055e+04 -2.282e+04  -2.89e+04    1.2e+04       2537  1.411e+04  1.076e+04       4236       6167       7139       9854       3058 -1.026e+04 -5.768e+04 -8.415e+04 -3.672e+06 -1.194e+07 -2.539e+05  5.584e+04  -1.21e+04 -2.346e+04 -1.782e+04  -2.25e+04      -7721 -5.156e+04      -4142 -6.592e+04 -2.579e+04 -9.267e+04 -1.102e+05   1.36e+04       5692  1.479e+04  1.829e+04       9552 -1.551e+04      178.3       2489      -4650  1.886e+04  1.616e+04       9316  1.889e+04     -271.8      -4099  1.606e+04  1.646e+04       7518       6226  2.271e+04       3612       2888       8929  1.845e+04  1.935e+04  1.535e+04  2.435e+04   3.02e+04  2.129e+04  1.435e+04  1.791e+04  2.218e+04  1.152e+04  1.852e+04   1.82e+04       9759  2.481e+04  1.417e+04       9279  1.581e+04   1.82e+04       6709       6550  1.039e+04  1.247e+04  1.542e+04   1.91e+04  1.491e+04       7355  1.185e+04  1.545e+04       8936  1.863e+04       2509       8473  1.963e+04 -1.414e+04 -3.979e+04 -5.605e+04
       3598      -1979      -2656  1.391e+04      922.8  2.268e+04 -3.582e+04  1.791e+04      -6688  2.609e+04   4.09e+04  3.984e+04  1.091e+04  2.514e+04       9242       8179      -3531 -1.665e+04 -1.934e+05 -4.757e+05 -2.539e+05 -1.937e+08 -7.162e+06  1.135e+04  1.052e+05  1.577e+05 -1.418e+05      -9472  3.624e+04  1.148e+05  -3.48e+05  2.721e+04 -4.718e+04   1.07e+04   2.88e+04       4383  3.673e+04  2.808e+04  3.215e+04 -4.568e+04       2145  1.176e+04  3.429e+04  3.274e+04  6.175e+04  4.079e+04  2.324e+04 -7.344e+04  1.342e+04  1.882e+04       6644  5.624e+04  4.278e+04  2.488e+04  5.044e+04 -7.459e+04       3692  6.149e+04  3.181e+04       2573  4.111e+04       7585      -1805       5396  2.971e+04  3.424e+04   2.16e+04  3.275e+04  1.928e+04  3.903e+04  3.017e+04  3.393e+04  1.459e+04  2.482e+04  5.195e+04  1.255e+04  1.284e+04  2.999e+04  3.647e+04  2.877e+04  3.095e+04  3.679e+04  1.682e+04   4.65e+04  7.746e+04  2.403e+04    4.4e+04  2.989e+04       6072 -3.225e+04       3546 -1.157e+05  5.567e+04
      347.9       8099       1139  1.466e+04       4104 -5.698e+04 -3.667e+04       3980  1.013e+04  1.224e+04  2.431e+04  3.329e+04       5100  2.672e+04  1.368e+04  2.551e+04 -1.084e+04  2.484e+04 -9.934e+04 -1.707e+04  5.584e+04 -7.162e+06 -8.667e+07  1.537e+04  5.133e+04  2.141e+04  7.243e+04  7.967e+04 -3.035e+05    1.6e+04  8.741e+04  5.478e+04 -7.771e+04 -1.034e+05  2.783e+04      -5043  3.183e+04  2.635e+04  1.837e+04       2369  3.747e+04      -7779  4.382e+04  1.988e+04  4.095e+04       9839  5.137e+04  2.419e+04  1.331e+04  1.044e+04       8742  3.098e+04  2.151e+04       5492 -2.654e+04  1.465e+04 -6.683e+04  3.396e+04  2.411e+04   1.32e+04  5.356e+04  6.634e+04  3.165e+04  1.241e+04  2.532e+04      349.9  1.777e+04  2.255e+04 -1.251e+04  -2.24e+04  1.528e+04  3.461e+04  2.252e+04       9722  7.245e+04  1.019e+04       7522  2.358e+04  4.231e+04  3.703e+04  3.907e+04  2.462e+04  1.615e+04 -8.602e+04  4.459e+04  3.567e+04   3.92e+04 -2.157e+05  2.226e+04  1.358e+04  4.476e+04  1.057e+05  2.048e+05
       1388       1497       2199       3251       2491       2723       4485       3298       1156       3223       2063       3996       1967       3222       4272     -914.6 -1.402e+05      -7331 -1.579e+04      -5728  -1.21e+04  1.135e+04  1.537e+04 -2.279e+05  1.571e+04 -4.845e+04 -3.633e+04       3581 -1.076e+04 -1.341e+04 -1.725e+04  -3.28e+04 -1.472e+04 -1.695e+04       3762       2673       3679       4554       2682       1652       8631       7006       8733       3189       2451       2957       1062       4849       4782       2051       3563       5308       4289       1463       2758       8939       8162       5825       5403       1644       7565       5575       5806       3628       5149       6058       3753       3619       2716       3898       7295       6349       4483       4005       7079       5417       3116       4142       4416       2913       4867       9816       3587       3188       2795       4392       8891       3699       3973       9106       6667       9135       7082
       2735       3584       4992       5555       5519       5651       8239       5326       2923       8131       3548       3187       3413       2328       6996       3808  1.477e+04 -1.339e+04      -7538 -2.518e+04 -2.346e+04  1.052e+05  5.133e+04  1.571e+04 -2.886e+06 -1.834e+06 -8.436e+04 -1.064e+04 -1.078e+05 -5.326e+05  -3.37e+05 -2.839e+05 -1.076e+05 -2.176e+05  1.022e+04       3927  1.053e+04  1.095e+04       8126       2831  1.037e+04      995.5       4893  1.281e+04  1.062e+04  1.252e+04  1.256e+04       8278  1.006e+04  1.933e+04       3938       6644       8188  1.203e+04       2261      111.6  1.393e+04       6083  1.386e+04       7701       3798  1.013e+04  1.458e+04  1.182e+04  1.941e+04  1.361e+04       9510       9906       7700       6384  1.612e+04  1.707e+04       7532  1.165e+04  1.276e+04    1.5e+04       6894  1.345e+04  1.529e+04  1.031e+04  1.154e+04  1.524e+04       9359  1.229e+04  1.325e+04       8565  2.018e+04       9093  1.697e+04       4208      -2970 -1.662e+04  2.525e+04
       3287       5127       6859       6190       4144       8500      876.2       9770       4586  1.013e+04       4601       7042       7571       7322       6907       2637 -3.412e+04      -8404  -1.08e+04      -9984 -1.782e+04  1.577e+05  2.141e+04 -4.845e+04 -1.834e+06 -4.753e+06 -1.394e+05  -1.01e+05 -1.259e+05 -6.177e+05 -3.098e+05 -2.877e+05 -1.105e+05 -1.949e+05  1.164e+04       4942       9795       9012       9375       9053  2.586e+04      668.9  1.663e+04  1.496e+04  1.231e+04  1.247e+04       8777       3234       6497  1.902e+04       6489       8186    1.6e+04       2065       7129       1216  1.083e+04       8028   1.31e+04       7055       5176       6846  1.476e+04  1.188e+04  2.064e+04  1.008e+04       9301       7934       9196       4852  1.626e+04  1.836e+04  1.182e+04  1.027e+04       7803  1.531e+04       7693  1.396e+04  1.554e+04   1.15e+04       9764  2.179e+04  1.244e+04    1.1e+04       8011  1.241e+04  2.427e+04       7108  2.127e+04  1.023e+04      -4933  1.909e+04  3.131e+04
       3174       4615       4344       5370       3841       8559      -9991      115.4       2043       3345       7302       9483       4733       7808       7391      -1247 -2.169e+04 -1.775e+04 -3.279e+04 -3.972e+04  -2.25e+04 -1.418e+05  7.243e+04 -3.633e+04 -8.436e+04 -1.394e+05 -4.963e+06 -1.854e+04 -1.138e+06 -1.346e+06 -2.555e+05 -3.306e+05 -1.598e+05  -9.37e+04       7760       4111       6609       9567  1.118e+04  1.012e+04  1.929e+04       4961       3558       6979  1.293e+04  1.505e+04  1.451e+04  1.076e+04  1.782e+04  1.525e+04  1.336e+04  1.244e+04       9794  1.456e+04  1.116e+04      -2009      -1325 -1.599e+04       4495       6678  1.688e+04  1.116e+04  1.059e+04  1.379e+04  1.933e+04  1.382e+04  1.092e+04  1.419e+04   1.36e+04  1.358e+04  1.631e+04  2.116e+04       9226  1.258e+04  1.657e+04  2.011e+04       9222  1.031e+04  1.589e+04  1.197e+04  2.492e+04  2.536e+04  1.056e+04  1.099e+04  1.779e+04  1.033e+04   1.67e+04  1.837e+04  1.092e+04       7416  2.786e+04      -5932 -3.569e+04
       5003       5763       4510  1.434e+04      326.1  2.365e+04  2.964e+04       2912      -1255  -3.48e+04    2.2e+04      -3192 -4.696e+04       9048  1.427e+04 -1.333e+04  3.514e+04  2.643e+04  2.819e+04      -7503      -7721      -9472  7.967e+04       3581 -1.064e+04  -1.01e+05 -1.854e+04 -3.575e+06 -5.149e+05  -9.09e+04 -4.001e+04 -1.196e+04      -6466 -7.323e+04  -3.88e+04  2.031e+04  1.093e+04  3.291e+04  5.316e+04   3.99e+04   4.49e+04 -4.866e+04 -3.888e+04  5.592e+04  6.431e+04      -9478  4.837e+04 -1.195e+05 -2.137e+04  5.612e+04  5.141e+04  1.916e+04 -1.844e+05  3.556e+04  3.999e+04  5.799e+04 -4.382e+04      -4955  3.715e+04  3.687e+04       6563 -2.834e+04  3.931e+04 -1.407e+04  3.763e+04      4e+04   3.61e+04   4.24e+04  4.235e+04  3.812e+04  5.025e+04 -8.179e+04  1.335e+04  1.643e+04  4.228e+04  2.805e+04  2.064e+04 -1.135e+04  5.194e+04  3.905e+04   5.42e+04   4.27e+04  5.528e+04  4.711e+04   2.52e+04 -5.303e+04 -1.708e+05  2.334e+04  1.812e+04  1.687e+04   1.87e+04  1.406e+04  3.562e+04
       1564       1057      -3507       5087  1.031e+04 -2.323e+04 -3.266e+04  1.444e+04       5486       9881  2.395e+04  1.727e+04       9379       8128       3739  1.252e+04 -2.422e+04      -2915 -1.932e+04      -5978 -5.156e+04  3.624e+04 -3.035e+05 -1.076e+04 -1.078e+05 -1.259e+05 -1.138e+06 -5.149e+05  -2.05e+07 -6.409e+05 -3.353e+05 -5.259e+05 -2.116e+05 -4.833e+05       1155       8006       9680  1.561e+04  2.546e+04   1.66e+04       9052      -7764      -2247  3.195e+04  3.228e+04  2.432e+04   2.72e+04      -3126  1.312e+04  2.867e+04  2.872e+04   2.35e+04 -3.119e+04  4.035e+04  3.292e+04  2.017e+04       3403  2.383e+04  1.518e+04  1.311e+04  2.797e+04   3.21e+04  1.264e+04  2.193e+04   2.68e+04  2.479e+04  2.128e+04  1.899e+04  1.638e+04  3.003e+04  2.329e+04  3.373e+04  1.612e+04  2.082e+04  3.272e+04  2.488e+04  2.023e+04  1.014e+04   3.54e+04  2.923e+04  3.355e+04  2.202e+04   3.03e+04  1.617e+04  4.475e+04  2.958e+04       7375  2.236e+04  3.081e+04 -1.361e+04  -1.88e+04  5.073e+04  7.564e+04
       2506       5524       7499       8154       2926      -3493     -662.3  1.292e+04       1291  1.078e+04       3847  1.535e+04       8564       4553  1.159e+04       6052      -5143 -3.313e+04 -5.897e+04  -6.16e+04      -4142  1.148e+05    1.6e+04 -1.341e+04 -5.326e+05 -6.177e+05 -1.346e+06  -9.09e+04 -6.409e+05 -2.488e+07  -5.49e+05 -7.295e+05 -3.708e+05 -2.259e+05  1.454e+04       4599  1.187e+04  1.215e+04  1.226e+04     -704.9 -1.436e+04       8704 -1.904e+04  1.892e+04  1.987e+04       9149  1.629e+04       7312  2.307e+04  2.768e+04  1.953e+04       7459      598.8  2.982e+04  1.866e+04  3.825e+04 -1.554e+04  2.045e+04   1.13e+04  1.492e+04  1.267e+04   2.27e+04  1.509e+04  1.757e+04  1.435e+04  2.978e+04       6128  2.153e+04       2539      916.9  2.677e+04   1.64e+04  1.844e+04  1.299e+04  2.776e+04  2.442e+04   1.53e+04  1.382e+04  3.337e+04  1.224e+04  1.639e+04  1.473e+04  1.923e+04  2.465e+04  2.844e+04  3.036e+04  3.868e+04  2.117e+04       9958  3.511e+04      -1656 -5.129e+04  9.475e+04
       2272       4367       6342       7550       5999  -2.91e+04 -2.863e+04   1.11e+04       4405       9699  1.153e+04       8801       5432       4665  1.083e+04       6557 -1.334e+04 -2.893e+04 -1.462e+04 -6.914e+04 -6.592e+04  -3.48e+05  8.741e+04 -1.725e+04  -3.37e+05 -3.098e+05 -2.555e+05 -4.001e+04 -3.353e+05  -5.49e+05 -6.134e+06 -6.138e+05  -2.44e+05 -1.229e+05  1.207e+04       6112  1.112e+04   1.61e+04  1.559e+04  2.665e+04  1.335e+04       5972 -1.029e+04  1.632e+04  2.483e+04  1.222e+04   1.92e+04       5293       4904  2.138e+04  2.975e+04       9510  1.754e+04  2.142e+04  1.393e+04      86.14  1.109e+04  1.903e+04  1.919e+04  1.165e+04       9312  1.313e+04  1.932e+04  1.415e+04  2.161e+04   1.59e+04  1.029e+04  1.652e+04  1.205e+04  1.527e+04  2.143e+04  1.102e+04       8642  1.194e+04  2.713e+04   1.39e+04       7057  1.609e+04  2.749e+04  1.886e+04   2.29e+04  2.775e+04  1.355e+04  1.692e+04  1.949e+04  1.174e+04  2.828e+04       5634       9755 -1.122e+04  -1.24e+04      319.5 -7.507e+04
       2266       3695       3360       6407       7740 -3.213e+04 -2.144e+04  1.033e+04       4012       9164       6766       2392       6579       2586       7294       3614 -2.135e+04      -3547        478  2.539e+04 -2.579e+04  2.721e+04  5.478e+04  -3.28e+04 -2.839e+05 -2.877e+05 -3.306e+05 -1.196e+04 -5.259e+05 -7.295e+05 -6.138e+05  -9.08e+06  -3.19e+05 -3.567e+05       9085       8306  1.065e+04  1.446e+04  1.821e+04       7881  1.365e+04  1.041e+04   1.87e+04  1.958e+04  1.125e+04  1.244e+04  1.304e+04       7143  1.884e+04  2.188e+04  1.851e+04       7873       8088       4730  1.996e+04  3.517e+04  2.576e+04  1.527e+04  1.597e+04  1.172e+04  1.212e+04  1.392e+04  2.005e+04  1.854e+04  1.665e+04  1.601e+04  1.574e+04  1.626e+04  1.434e+04       6288  2.182e+04  1.458e+04  1.589e+04       9622  2.394e+04  1.642e+04  1.128e+04  1.466e+04    2.9e+04   1.24e+04  2.273e+04  2.785e+04  2.501e+04  1.003e+04  3.492e+04  1.796e+04  3.586e+04   1.16e+04  1.622e+04       5162  1.812e+04  1.486e+04 -1.143e+04
       3968       4290       4571       3081       6136 -2.929e+04 -4.182e+04       8740       3173       9964       8084       9433       1694  1.077e+04       4369       7206 -1.378e+04      -4884      -6160  1.271e+04 -9.267e+04 -4.718e+04 -7.771e+04 -1.472e+04 -1.076e+05 -1.105e+05 -1.598e+05      -6466 -2.116e+05 -3.708e+05  -2.44e+05  -3.19e+05 -1.372e+07 -5.948e+05       8229       6652  1.034e+04   1.51e+04  2.351e+04  1.376e+04       1307  1.359e+04       5854  2.059e+04   2.15e+04  2.225e+04  1.467e+04       3549  2.482e+04  1.442e+04  1.726e+04  1.633e+04       5381  1.348e+04  1.549e+04      -2468      -1354 -2.022e+04  1.696e+04       8535  1.268e+04   2.51e+04       7605  1.324e+04       6933  1.623e+04       6103  1.188e+04  1.214e+04  1.121e+04  1.805e+04  1.613e+04  1.962e+04       9679  1.611e+04       8530       4287       9895  2.269e+04  1.685e+04  2.512e+04  2.434e+04  1.486e+04   2.07e+04  2.751e+04  1.637e+04  3.019e+04       8085  1.522e+04       6936      204.3       9378  -1.39e+04
       1457       2282       3641       6901       7157      -9573       9519   1.15e+04       2843       6171   1.19e+04  1.568e+04       5317  1.031e+04       6980       7553      -9365 -1.058e+04      -4491       5644 -1.102e+05   1.07e+04 -1.034e+05 -1.695e+04 -2.176e+05 -1.949e+05  -9.37e+04 -7.323e+04 -4.833e+05 -2.259e+05 -1.229e+05 -3.567e+05 -5.948e+05 -1.062e+07  1.163e+04       4245  1.502e+04  1.216e+04  1.569e+04  2.301e+04  1.991e+04       2712  2.117e+04  1.456e+04       2868  1.074e+04  1.015e+04       1448  1.366e+04       9061  1.455e+04  1.542e+04       9187  2.057e+04  2.431e+04  3.335e+04  4.405e+04       1233  1.695e+04  1.342e+04       6775  1.965e+04  1.639e+04  1.603e+04  1.581e+04  1.162e+04  1.544e+04  1.147e+04       7574  1.833e+04  1.546e+04  1.403e+04  1.674e+04  1.796e+04  2.916e+04  1.715e+04       7764  1.527e+04  2.906e+04  1.997e+04  2.873e+04  2.121e+04  1.461e+04  1.936e+04  1.328e+04  1.933e+04   2.61e+04  2.139e+04  2.423e+04 -1.135e+04  1.239e+04 -2.356e+04 -9.745e+04
      -1002      -2530      -4582      -4506      779.1  1.071e+04       9581     -358.7      976.5      -4874       3329       4899       2990       3854 -1.416e+04 -2.041e+04       3000       5009       6748  1.063e+04   1.36e+04   2.88e+04  2.783e+04       3762  1.022e+04  1.164e+04       7760  -3.88e+04       1155  1.454e+04  1.207e+04       9085       8229  1.163e+04 -1.366e+05     -247.1 -4.562e+04      -2858       4951       9155  1.231e+04       7958  1.193e+04       2827       4543       5551       3167      -4231       7702       3319       3857       7506      -6771       7185  1.012e+04  1.118e+04   1.02e+04       6916      -8243       2218       7537       7491      -3064     -434.6      -2002       2415       3872       2701       5119       3673      195.7      -4952       4647       2539       2796       3392       3217      -1206       4325       5033       5172       6759       8875       5294       5056       8169      -9367       5812       6771  1.156e+04  1.011e+04  1.512e+04  1.503e+04
