
 48

(Scur: 1.115001, Iele: 0.606602, (((Blyn: 0.038256, Blin: 0.034578): 0.275356, (Afr1: 0.524213, (Bher: 0.186102, (Stsp: 0.169409, Tpla: 0.190709): 0.024821): 0.087803): 0.090167): 0.622945, (((Tlon: 0.076509, (Tita: 0.010835, (Tusa: 0.000250, Tjap: 0.000978): 0.007074): 0.080561): 0.120242, (Lubb: 0.025667, ((Lcry: 0.008830, Lpac: 0.004716): 0.021593, (Lapu: 0.016220, (Lcou: 0.010259, Lart: 0.010556): 0.007892): 0.003174): 0.011701): 0.142819): 0.405865, (Lysp: 0.636763, (((Cpil: 0.038179, (Ozsp: 0.077554, Orub: 0.041025): 0.019422): 0.187825, ((Eosp: 0.205642, (Ldah: 0.113110, Etic: 0.092215): 0.120794): 0.038675, ((Mesp: 0.070458, Etex: 0.080655): 0.111435, (Puru: 0.061540, (Lpar: 0.027021, Lbir: 0.035186): 0.030928): 0.102927): 0.084144): 0.064000): 0.246752, ((Chis: 0.096582, C146: 0.092945): 0.268091, (Scry: 0.334016, ((Pped: 0.272792, (Pleu: 0.163185, Enor: 0.152949): 0.133474): 0.084378, ((Elam: 0.203032, Aema: 0.336485): 0.075969, ((Bosp: 0.283805, Mosp: 0.402604): 0.043618, (Masp: 0.295620, ((Svet: 0.128550, Smuc: 0.257113): 0.033177, (Cqua: 0.142549, (Dmag: 0.143388, (Dgal: 0.068390, (Dpul: 0.007832, Dpli: 0.006981): 0.045602): 0.056943): 0.066491): 0.028609): 0.102865): 0.047169): 0.034131): 0.074866): 0.071795): 0.069934): 0.107690): 0.106982): 0.089065): 0.137176): 0.144286);

  1.115001  0.606602  0.144286  0.622945  0.275356  0.038256  0.034578  0.090167  0.524213  0.087803  0.186102  0.024821  0.169409  0.190709  0.137176  0.405865  0.120242  0.076509  0.080561  0.010835  0.007074  0.000250  0.000978  0.142819  0.025667  0.011701  0.021593  0.008830  0.004716  0.003174  0.016220  0.007892  0.010259  0.010556  0.089065  0.636763  0.106982  0.246752  0.187825  0.038179  0.019422  0.077554  0.041025  0.064000  0.038675  0.205642  0.120794  0.113110  0.092215  0.084144  0.111435  0.070458  0.080655  0.102927  0.061540  0.030928  0.027021  0.035186  0.107690  0.268091  0.096582  0.092945  0.069934  0.334016  0.071795  0.084378  0.272792  0.133474  0.163185  0.152949  0.074866  0.075969  0.203032  0.336485  0.034131  0.043618  0.283805  0.402604  0.047169  0.295620  0.102865  0.033177  0.128550  0.257113  0.028609  0.142549  0.066491  0.143388  0.056943  0.068390  0.045602  0.007832  0.006981

  0.000000  0.000000  0.000000  0.005021  0.006276  0.000000  0.016879  0.008409  0.006778  0.008829  0.000000  0.000000  0.000000  0.000000  0.006782  0.000000  0.000000  0.000000  0.000000  0.036134  0.080918  0.182872  0.141597  0.010187  0.013478  0.043870  0.042448  0.036350  0.079515  0.074705  0.041241  0.088649  0.023911  0.044640 -0.005746  0.000000  0.000000  0.000000  0.000000 -0.010513 -0.006566  0.008508  0.000000  0.008616 -0.008546  0.000000 -0.010387  0.000000  0.000000  0.000000  0.000000  0.010875  0.012658  0.000000  0.017821  0.020326  0.017570  0.015744  0.008408  0.000000  0.000000  0.019439  0.013873  0.005345  0.010454  0.007649  0.000000  0.005392 -0.006756  0.009466  0.019089  0.000000  0.010645  0.000000 -0.006332 -0.012410  0.000000  0.000000  0.000000  0.000000  0.000000 -0.017887  0.005802  0.000000  0.005659  0.000000  0.000000  0.014382  0.018174  0.000000  0.014335  0.009963  0.039596


Hessian

      -1196     -17.85     -357.8     -47.67       68.3      98.09     -31.23      43.83      48.72      150.5      151.9      137.5      48.21      64.82     -167.7     -39.66      106.3      177.4      320.8     -152.7      613.6      -1157     -84.73      106.7      403.9      314.2      446.1      100.1     -149.1      198.3     -65.92      634.4      511.4      375.6     -140.3      5.368     -66.02     -14.65      214.6      365.5      311.5        315      432.3      220.5      249.3      223.2      164.7      100.2      210.7      271.7      222.5      266.3      203.3      198.4      382.4      348.5      246.2     -1.226      75.49      110.8      264.1      313.3      193.6      148.5      86.49      157.2        185      194.8      228.2      202.4      223.9      247.8      262.6      142.8      180.7        214      94.93      154.1      275.1      199.5      255.4      244.4      383.4      301.3        294      277.8      327.9      295.1      344.9      400.9      353.8      677.3      971.8
     -17.85      -2713      -1557     -42.17      34.08        454      525.2      45.93      52.28      24.54      133.7      239.8      85.29      319.5     -791.6     -136.2      311.2      279.8      53.41      673.5      829.2       2127       2098        229      619.5       1109      249.3      491.8     -205.8       1400      336.2      474.4        215        334       -329      35.66     -310.9      6.837      268.7      541.8      743.3      380.7      741.5      284.5      423.6      204.4      333.6      482.9      404.3      316.4      281.4      176.1      236.7      404.4      255.6      268.7      429.7      525.4      14.33      177.4      235.8      287.3      14.98      184.6      105.7      180.8      216.8      233.1      369.8      426.2      155.8      231.9        385      176.2      319.3      298.7      221.9      170.9      200.2      252.8      347.8      207.4      378.2      355.1      461.1      310.8      474.8      391.5      202.2      694.7      676.6       1526       1206
     -357.8      -1557      -5770        -66      15.14      215.6      474.5      38.05      61.69      50.83      114.5      241.7      87.45      316.3      -1552     -142.3      482.2      442.3      407.7       1358      672.2       3678       2225      324.5      507.1       1121      280.8      511.1      -1757       1371        944      232.1      352.9      145.7     -587.4      -25.4     -214.2     -34.22      237.5      768.2      632.9      186.8      679.4      385.8      294.8      400.5      316.6      492.2      638.3      347.2      459.8      372.1      478.4      547.5      437.7      401.3      705.9      536.5      99.69      182.3      443.9      352.1      229.8      311.2      200.5      340.8      329.2      390.6      452.7      397.2      308.9      343.5      436.4      172.7      163.7      388.4      184.4      215.4      160.9      250.4      302.4      344.8      543.8      520.4      283.8      360.9      468.6      460.1      338.7       1033      862.5      798.1       1759
     -47.67     -42.17        -66      -2832     -129.5      38.01      144.4     -506.3     -111.2     -253.5     -49.73        -80       58.5     -63.55      -1004     -37.52      336.8        575      681.7      399.6      410.1      -1580      119.1      237.4      663.6      741.5      993.8       1197      353.5       1060      892.2      551.2     -504.2      735.4     -335.4      3.655     -257.7     -22.25      291.1      631.2        504      388.5        818      368.5      271.4      337.7        333        475      433.4      316.3      332.8        520      538.9      547.8        477      379.5      580.1      642.5     -119.4      225.6      522.9      478.2      31.42      263.3      203.3      284.7      284.8      355.1      393.8      318.2      271.5      458.7        381      261.7      321.9      192.3      113.7      164.1      384.4      408.1        250      599.8      588.7      136.4      635.4      459.2      533.5      499.4      583.1      452.5      528.8       1183       1035
       68.3      34.08      15.14     -129.5      -9215     -120.9      130.1      -5187     -94.89      -3395     -972.6     -940.9     -359.3     -455.1      70.42      314.6        142        493       1045       1076       1382      -3101       4562      313.4      402.5        382       1741      705.8       2371       1179       1224      745.3      190.6      68.38      222.8      100.9      158.8        172      237.9      421.8      212.5     -5.218     -156.6      379.5      268.8      207.9      18.61      294.6      398.2      301.6      291.1      485.8      253.8      597.3      522.3      577.3      457.4      996.5      382.4      441.2        546      199.4      397.7      377.6      477.8      413.3      189.7      154.9      339.9      401.1      312.8      354.4      503.8      421.4        235      503.5      275.8      420.5        876      498.1      821.9      906.8      595.5      619.6      377.5      676.4      311.9      550.7      711.5       1091      851.5      168.7       2082
      98.09        454      215.6      38.01     -120.9   -1.9e+05 -1.187e+05      254.7     -226.1     -34.96     -38.58      198.4      205.7      52.26      437.9      611.8      789.1     -358.7      -1721      -1096       5433   2.24e+04 -1.737e+04      294.3       5033       6019     -133.3      -2996      -6381       1081      -6069      -5401      -2062       3366        906      924.5      437.9      576.5       1525      -2491      63.02      -1126      -1405      947.1      330.4      558.6      838.8      875.6       1384       1056       1257       1974       1855       2917     -460.4      -2292      -1206      226.9      834.8      487.2       1271        104       1217       1043       1886        970      930.5        948      259.8       1341       2448       1832       1425       1303       1694       1698       1007       1053       1602       1478       1954      795.8      228.7       1041      256.7       1237        885       1131       2900       2999       1596      791.1       1373
     -31.23      525.2      474.5      144.4      130.1 -1.187e+05 -1.936e+05      319.6     -111.9     -174.2     -787.3      477.7      206.9      331.5      502.9      696.4      654.3      -1844      -3404       2068       9478   2.43e+04      -8684        127       5253       7642      235.1      -3179      -2677       6669      -3040       1030      846.5       2420      922.2      650.2       1059      850.5       1764      -1886      222.2      -2213     -125.9       1310     -936.2      740.2       1071      100.8       1098       1336      992.2       3370       1825       2457      440.2      -2123     -235.1      -2031      975.4      934.2      544.9     -963.2       1617      766.1       1391       1328       1358       1213      391.7        912       2125       1819       1149       1472       1591       1628      833.3       1081       1618       1757       2279       1735     -320.4       1493      561.7       1352      831.1      241.9       1856       2923      651.3       -928       1882
      43.83      45.93      38.05     -506.3      -5187      254.7      319.6 -1.433e+04     -86.67      -5571      -1459     -925.2     -255.4       -533       -206      304.2      138.2      599.2       1280      249.3      820.4      -1955       3948      415.7        461       1274       1358      378.1       3647       1396       1417      7.415     -31.01      826.4      95.84      90.65     -121.3        207      407.4      762.8      733.6     -136.8      77.55        199     -42.74      229.7     -199.6      440.8      592.5      507.5      356.2        669      679.1      603.1        676      430.9      207.6      824.3      237.6      510.2      287.3      371.2      343.9      293.8      856.4        402      379.6      85.33      587.9      426.7        607        622      680.6      372.3      431.8      694.9      282.9        320      786.3      622.8        759        907      549.8      566.6      686.6      401.4      567.7      618.1      806.5       1178       1501       1988       1835
      48.72      52.28      61.69     -111.2     -94.89     -226.1     -111.9     -86.67      -3950      -1145     -320.9     -335.2     -124.5     -77.62     -12.83      193.4      118.9      92.96      236.6      415.7     -924.1      -1161       3614      203.2      294.3      780.6      736.5     -675.9      908.4      462.2     -125.2      772.6     -155.8     -356.5      196.7      190.3      230.9      217.3      227.5        170      237.4      133.6      290.5      385.2      339.1      349.5      311.7        548      462.1      321.9      351.4      132.3      339.5      222.1      472.6      73.84      999.1      331.5      260.8      84.09      379.9      383.1      115.8      266.1      313.8      139.5      67.74        185      421.9      231.5      608.4      478.2      367.6      267.1      501.8      119.9      66.84      210.9      229.2      210.3      284.2      632.8      488.8      226.7      273.5        385        179      505.5      362.6      258.7      372.4       1069      682.8
      150.5      24.54      50.83     -253.5      -3395     -34.96     -174.2      -5571      -1145 -1.565e+04      -2998      -2473     -187.4     -646.7      3.058      339.5     -51.72      762.8      941.1      569.5      14.16      -6727       4763      259.7      179.4      351.7      264.2      -3534       2430       3099      151.9     -553.3     -190.1      48.93        127      250.2      20.62      258.4      555.9      273.3      10.57       63.3      218.9      597.2      354.9      283.7      256.7      375.2      297.9      453.3      520.5      369.9      382.4      475.8      90.77      360.3     -351.5      157.5      165.6      540.9      608.3      733.9      174.5      500.7      871.6      350.2      331.7        340      288.8      261.8      923.6      504.3      724.4      502.4      658.1      879.2      442.6      332.7        943      573.5      926.1       1170      586.5        405      914.8        591     -27.75      482.5      91.31       1310       1336       2859      375.3
      151.9      133.7      114.5     -49.73     -972.6     -38.58     -787.3      -1459     -320.9      -2998 -1.788e+04      -7618      -1089      -3882      109.1      402.4      414.5      283.5       1138       1139       1136       1920       4180      269.9       1261      695.5       1571       1455       2408       1117      381.1      -2450      -2106       2491      489.7      161.5        316      291.2      174.5      342.2      378.8     -52.48      311.2      390.8      255.2      148.1        357      776.9      43.95      646.5      341.2     -72.16      182.1      286.7     -398.5      219.1      372.6      -1241      479.9      491.8      475.5      597.4      975.8      490.9      975.1      343.9      412.3      602.3      520.7      508.5        497      630.6      464.6      756.9      677.4       1063      444.8      651.4      652.8      683.4      442.3       1591      328.2      647.9      762.1      477.9      793.4      404.2      36.84       1790       1299       2020       4325
      137.5      239.8      241.7        -80     -940.9      198.4      477.7     -925.2     -335.2      -2473      -7618 -2.956e+04      -1877      -8685      82.91      308.6      237.1      188.6      441.2      478.3      -6133       5102       9623      147.5      -1622     -749.9       1933       2465     -675.6       1475       1401      -1459     -125.1       2586      428.3      103.3      408.4      440.8      155.3       1605       1193     -930.7      753.5      102.9      544.6      324.5      506.2      512.9      241.2      269.9      174.7     -533.1     -310.3       12.1      -1257       -188      882.1     -483.7      641.1      545.4      297.8        816       1142      404.1      778.3      611.3      339.5      703.8      345.4      253.3      637.5      122.9      303.1      815.2      583.2      621.1      53.22      597.3      472.1      680.2      421.1       1422      490.9      456.8      812.9      714.6      963.3      455.5      299.7       1633       1266       1545       4079
      48.21      85.29      87.45       58.5     -359.3      205.7      206.9     -255.4     -124.5     -187.4      -1089      -1877      -8464      -1437      129.6      178.6      163.8      246.8      314.1      926.4       1535      -7009       7769      77.63      229.4      127.8     -23.04       1415      -1546      -1634       1277       1112       1246       2348      327.2       61.7        177      234.7      55.26      183.6      337.6     -943.1     -10.38      88.15     -28.05      69.04        116        262      158.7     -38.29     -267.4      254.1      180.7     -309.2      298.1      272.8     -373.9      544.3      271.1      96.19      58.86      57.42      345.4      166.8      227.1      404.4      29.38      303.6      305.6      503.6      472.1      266.7      59.56      165.2        655      381.9      99.93      258.1      508.8      144.3      395.3      718.5      283.8      153.7      236.9      69.36      251.7        218      385.8     -119.4      90.23     -479.8      -1494
      64.82      319.5      316.3     -63.55     -455.1      52.26      331.5       -533     -77.62     -646.7      -3882      -8685      -1437 -1.581e+04      230.7      277.6     -262.4      243.4      633.4      272.3      945.9      -1370       3318      47.98      143.9       1419     -656.6       2513     -400.2      -1702       1292     -869.8       1207       2504      422.4      113.3      426.4      493.3      437.3      496.7      823.4     -323.8      514.1      527.7      255.1      285.5      520.8      422.1      482.6      386.6      238.8      681.2      618.7     -458.7     -729.9     -553.2      949.8      913.3      604.6      316.5      460.3      702.3      796.5      248.7      907.5      511.9      170.5      316.9      530.1      300.4        456      436.4      310.1      474.7      786.9      650.9      391.4      417.8      631.2      642.1      612.6      728.3      116.5      304.8      491.8      436.1      345.1      690.4      464.3       1239      137.9       3504       4263
     -167.7     -791.6      -1552      -1004      70.42      437.9      502.9       -206     -12.83      3.058      109.1      82.91      129.6      230.7      -8318     -219.3      362.6      644.5        527       1229       1113       2102       2714      365.5       1340       1166      593.1      882.5     -293.4      -1226       1291       1245     -605.6       1128      -1318     -88.28     -864.2     -202.6      356.2       1047      748.1      638.1      891.2      241.4      341.1      475.3      343.9      683.9      737.2      210.5      482.2      565.2      901.8      581.3      716.9      557.7       1122      574.7     -127.5      213.4      785.2      766.2      46.29        336      126.6      379.8      264.5      467.9      562.1      389.7      408.2      525.5      317.1      253.6        237      297.7      238.5        145      173.5      466.9      476.6      857.2      899.4      396.4      404.2        474      618.7      608.4      863.2      933.9       1134       1143      923.5
     -39.66     -136.2     -142.3     -37.52      314.6      611.8      696.4      304.2      193.4      339.5      402.4      308.6      178.6      277.6     -219.3      -5679      9.806      13.76     -13.87      197.1     -83.68       5110       2662     -302.2      -4.68     -149.1     -484.9      -1803      650.1       1977       1073      440.3      445.3       1230      -2172     -9.249      -1234     -184.6      254.8      629.5      802.6        640      443.6      75.82      295.1      386.2      211.9        496      425.7      85.74      397.1      572.7      676.9      556.2      926.3      740.3       1078      547.9     -445.2      73.42      682.3      626.2     -52.75      230.5      202.8      292.8      393.7      352.1      182.1      508.7      211.8      237.5      392.5      318.1      438.5      393.4      173.7      177.1      500.9      325.1      484.7      556.7      675.9      368.3      716.9      542.7      443.8      559.9      973.8      944.8      798.8     -698.9      580.1
      106.3      311.2      482.2      336.8        142      789.1      654.3      138.2      118.9     -51.72      414.5      237.1      163.8     -262.4      362.6      9.806 -2.976e+04      -1694      -1246      -1973     -527.2       4506      -4449 -1.728e+04       1613      -2267      -6158       1350       2188      -4975      -3130      -2866       1092      -2559      343.7      253.7      347.8        662      119.5      515.5      917.7     -10.78       1397      647.2      416.7      382.3      170.2      72.98      726.1      83.66      67.15     -474.7      249.2        639      799.6      866.8       1647       1207      301.6      287.5       1292       1799        747        516       1017      603.9      496.6      571.7      773.9      446.9      674.1      834.2      613.7      551.7       1156      570.4      265.3      529.2      404.1      782.9      769.1       1209      597.4        390      51.27      268.1       1002      98.44       1775       1910       1250     -191.2      336.6
      177.4      279.8      442.3        575        493     -358.7      -1844      599.2      92.96      762.8      283.5      188.6      246.8      243.4      644.5      13.76      -1694 -9.311e+04 -3.672e+04      -4865 -1.232e+04       8855 -2.516e+04      -1949      -2736       2026      -1212      -3181       3893       1670      -2315     -276.2       2240      -5302      506.7      393.6      899.2       1141      869.2       2950       2010      368.7       3665       1323      248.2      464.4      763.2      747.9      212.6      556.7        420      359.1       1066      417.5      725.4       2404      211.7      -1709       1738      871.6       1134      379.8      732.2      903.7      452.3       1657      979.7       1167      555.5      262.7       1301      921.2      335.1       1124       2508       1444      878.2       1196       1057      332.5       2074      979.1      279.7      622.8      407.2       2364      907.7       1127      664.9       3818       2131       5904      -3921
      320.8      53.41      407.7      681.7       1045      -1721      -3404       1280      236.6      941.1       1138      441.2      314.1      633.4        527     -13.87      -1246 -3.672e+04  -9.07e+04      -5022 -1.967e+04 -1.889e+04 -5.569e+04      -1593      627.7       1426     -873.1      -2848      -3816      -7167      866.8      -1722       1172      -2453      732.9      619.3      740.7       1319       1226       1872       3195       1632       1984      852.4     -444.7     -105.7        626      347.6      223.9      753.4       1021      670.7      904.8       1233       1488       1416      740.6      -2245       1538      307.5       -111     -174.4       1859      636.4       1435       1088       1438        923       1105       1023       1250      669.7      143.1      896.7       1809       1430      644.9       1179       1386      669.9       2369     -301.1      23.15      867.2      866.2      953.3       1076      921.4     -828.4       2444      82.38       2782      52.37
     -152.7      673.5       1358      399.6       1076      -1096       2068      249.3      415.7      569.5       1139      478.3      926.4      272.3       1229      197.1      -1973      -4865      -5022 -1.023e+06 -3.617e+05      -5106  1.768e+04      -2461      -5514      -4261     -841.3 -4.965e+04  1.058e+04 -1.904e+04 -1.281e+04     -528.8       6659      -1626       1887       1739       2625       1636      999.1       1474       1546       2895       4835      -1324       2312      943.2      734.7      -1294       1910      593.4     -479.4      384.8      -1123       2337     -865.3     -89.58       5011  1.194e+04       1773       1946      -4625     -49.59       3295       3582       4186       1912       1671       3598       3043       3161       3480       2028       1357      37.57       4412       2299       1220      471.9       4581      344.1       2000       -559       2628       1680       1552       1828      -3830      -1634       2599       8432       7718       1804  1.635e+04
      613.6      829.2      672.2      410.1       1382       5433       9478      820.4     -924.1      14.16       1136      -6133       1535      945.9       1113     -83.68     -527.2 -1.232e+04 -1.967e+04 -3.617e+05  -1.39e+06 -2.674e+04  2.657e+04       -868      -8724 -1.443e+04       3189  -2.18e+04       1940       3469      -7441 -1.463e+04      -8652      -5355       1251      700.5       2229       2919      258.6      -8700 -1.257e+04      184.4      -2071       3091       4960      633.8       3059     -480.5       3169       2124       2111       2776       2060       5813       5059       2576      -3032  1.171e+04       2167       1576      208.5       2666       2655       2910       1806       3055       2684       3631       2399       1342       3559      758.5       3320       1554     -918.2      -1473       1327      614.6      -1434       3126       4711      -2576       2769      709.3       2265      745.8      658.2      -2294      917.2       5694      -4042  2.022e+04  1.965e+04
      -1157       2127       3678      -1580      -3101   2.24e+04   2.43e+04      -1955      -1161      -6727       1920       5102      -7009      -1370       2102       5110       4506       8855 -1.889e+04      -5106 -2.674e+04 -5.821e+07  -1.79e+06       1253  2.938e+04  3.042e+04  2.763e+04  1.237e+04  1.617e+04  2.462e+04  2.826e+04  1.966e+04  2.661e+04  2.959e+04       5598       6703       5873       8481  1.389e+04 -5.176e+04 -9.231e+04  1.125e+04 -4.012e+04  1.178e+04       8606      -1263 -2.099e+04  1.276e+04  1.767e+04 -2.606e+04  1.131e+04 -2.216e+04       4413       5604      -1654 -4.368e+04  2.333e+04  2.803e+04     -340.7 -1.403e+04       9670      -9927  1.075e+04      -5714  1.143e+04  1.657e+04       6911  1.863e+04  2.148e+04  2.069e+04  1.723e+04 -2.188e+04       3080 -2.015e+04  1.442e+04       6180      -5973       5507   1.34e+04  1.516e+04 -1.532e+04  1.498e+04  1.644e+04      -2281  2.103e+04      -7148  1.871e+04      -7057 -3.695e+04  2.602e+04  2.485e+04 -4.416e+05       7949
     -84.73       2098       2225      119.1       4562 -1.737e+04      -8684       3948       3614       4763       4180       9623       7769       3318       2714       2662      -4449 -2.516e+04 -5.569e+04  1.768e+04  2.657e+04  -1.79e+06 -1.614e+07      526.5   1.64e+04  2.029e+04       8621  1.899e+04       5720 -1.368e+05  2.206e+04 -1.348e+05  2.663e+04 -2.164e+04      -6285      558.1      -1137      -4951       4152  2.542e+04  2.423e+04  -2.52e+04       6126        445       4651       2950       3463      -4011       6032 -1.472e+04      -3975   1.03e+04   1.27e+04      -1127      -5053  1.199e+04  1.323e+04  1.274e+04 -1.599e+04      -1799 -1.627e+04 -2.136e+04       1437       2192       3801     -243.4       5178       5808       1389      -4574       8922 -1.043e+04      -4679      -1118      753.9       7387       6885     -551.9      -3599      514.3       9011     -91.33       1579      -6524  1.379e+04  1.822e+04  1.356e+04    1.4e+04  2.846e+04  1.999e+04  3.214e+04  2.895e+04  3.573e+04
      106.7        229      324.5      237.4      313.4      294.3        127      415.7      203.2      259.7      269.9      147.5      77.63      47.98      365.5     -302.2 -1.728e+04      -1949      -1593      -2461       -868       1253      526.5   -2.8e+04       1590      -2963      -3936      -9027       2616      -4649      -5038      -1583       1997      -3569      259.7      285.9      249.5      738.1      669.6      461.3      536.2      309.9       1575      746.3      604.8      386.4      478.4      472.1        332      320.6      216.5     -788.9      201.1      595.2       1003      881.9       1266       1280      407.1      181.1       1264       1543      870.2      652.9      927.9      776.3        501      833.3      855.9      566.7      681.2      530.6      421.3      564.1       1039      489.7      304.8      453.7      577.4      735.3      533.4       1347      919.8      589.6      231.1      72.61      742.8     -94.13       1489       1827       1430      363.1      717.6
      403.9      619.5      507.1      663.6      402.5       5033       5253        461      294.3      179.4       1261      -1622      229.4      143.9       1340      -4.68       1613      -2736      627.7      -5514      -8724  2.938e+04   1.64e+04       1590 -4.092e+05 -2.559e+05      -9182 -1.175e+04 -5.265e+04 -7.712e+04  -4.02e+04 -4.151e+04      -3496 -1.336e+04       1095      256.1        802       1237       1939      358.1      239.6       2072      -4182       1259       3074       2008       3332      -1101       2866       3020     -185.9        176     -815.8       3835     -344.2      -6267       3627        406       1027       1031       2094       1822       3640       1039       3165       1332       1448       3069      657.5      921.7      624.8       2381        478       1377       2265       2474       1294      645.4       2809       1919      968.5       2274       2826       1687       4845      136.1       1973      815.4      -3107      -1128      420.4  1.342e+04     -240.3
      314.2       1109       1121      741.5        382       6019       7642       1274      780.6      351.7      695.5     -749.9      127.8       1419       1166     -149.1      -2267       2026       1426      -4261 -1.443e+04  3.042e+04  2.029e+04      -2963 -2.559e+05 -5.793e+05 -1.295e+04 -1.747e+04 -2.979e+04 -7.398e+04 -3.577e+04 -4.061e+04      -2820 -2.654e+04       1175       1053      249.2       1323       1304      -2192       1229       2785      -3892      768.3       3386      836.4       2422      -2325       1172       4397      149.9     -606.9      98.16       2206       1986      -3716       6004      892.8        738       -618       1710       1794       2967       1453       2138      109.7      625.5     -568.7      948.9       1127       1020       3213       1135        866       2200       3119      599.8       1662       2697       1086       1542       1279       2576       2244       3281      157.4      150.5      -1307       1024      -3597       1301  1.791e+04       9769
      446.1      249.3      280.8      993.8       1741     -133.3      235.1       1358      736.5      264.2       1571       1933     -23.04     -656.6      593.1     -484.9      -6158      -1212     -873.1     -841.3       3189  2.763e+04       8621      -3936      -9182 -1.295e+04 -6.436e+05  -1.39e+04 -7.231e+04 -1.636e+05 -2.064e+04 -4.765e+04 -1.629e+04 -1.533e+04     -452.7      830.8      354.2       1119       1681       4819       4537      -3480       2314     -192.6       2454       1420       5568       2138       3005      344.7       2391       2815       2426     -262.8      653.9       2829      -3086      591.6        997       1447       4047       4087       2689      56.16       1645       3346       2063       1945      445.2      51.79       4008       1119       2378       2059       1972       3161       2136       1384       1808       1922       3433       2465       2181       2129     -660.4      -2037     -128.1       3314     -87.81      681.9       2346     -618.8       3375
      100.1      491.8      511.1       1197      705.8      -2996      -3179      378.1     -675.9      -3534       1455       2465       1415       2513      882.5      -1803       1350      -3181      -2848 -4.965e+04  -2.18e+04  1.237e+04  1.899e+04      -9027 -1.175e+04 -1.747e+04  -1.39e+04 -1.534e+06 -1.768e+05      -3844 -5.744e+04       1938 -1.609e+04 -5.735e+04      -5373     -83.63      -3139       1540       4643       6357       5994       5731       4519       4302       4709       1077       4027      -6483       2218       1855       6068      472.8      -5376       6856       4155       6736   1.07e+04   1.05e+04       1842       4014       3855       3316       3459       2290       3021       4551       3613       5177       1522       3135       2772       2698       3952       3261       6416       2452       3724       2125       3592       1813       4100       8897       6963       3588       4772       4712  -1.32e+04       6796       7149       7005       4450 -2.066e+04       4388
     -149.1     -205.8      -1757      353.5       2371      -6381      -2677       3647      908.4       2430       2408     -675.6      -1546     -400.2     -293.4      650.1       2188       3893      -3816  1.058e+04       1940  1.617e+04       5720       2616 -5.265e+04 -2.979e+04 -7.231e+04 -1.768e+05  -2.76e+06 -4.197e+04       4876 -3.478e+04  1.127e+04 -3.066e+05      -6722      490.9      -2958       1143       -144     -861.9       1767 -1.066e+04       9362       3760      -1189       5504      481.1       1453       5627       2637       5601       4259       8040       3986  1.186e+04  1.237e+04  1.353e+04       5722       1641      893.2       4465       2504       3370       1347       2942       3588       2599       3128       4291       2278       4568       4660       1822       2047       6694       2835       3074      192.6       6074       2195       6525      -1006       2130       1798       4653       5580       3606       5447       6114      -4139       4292   2.26e+04  2.457e+04
      198.3       1400       1371       1060       1179       1081       6669       1396      462.2       3099       1117       1475      -1634      -1702      -1226       1977      -4975       1670      -7167 -1.904e+04       3469  2.462e+04 -1.368e+05      -4649 -7.712e+04 -7.398e+04 -1.636e+05      -3844 -4.197e+04 -3.026e+06 -8.127e+04 -1.448e+05 -2.448e+04 -5.959e+04       2653       1404       1482       1787       3627      -5445      -5789      802.5      -1761       5565      -1058      -3965       3508     -941.2       6796       6218      -5416       5646      -1828       7233       5174  1.083e+04      -7781     -726.2       2197       2849      -1461      -1480       3993       2422       4155       2856       2435       2604       2539       -739       2392      -1891       -706      -1274       7611       6271       4458       2788       6467       4922       4296       7616       3838       2739  1.272e+04       2562       6394       2429       9105       7189 -1.504e+04  2.225e+04 -1.037e+04
     -65.92      336.2        944      892.2       1224      -6069      -3040       1417     -125.2      151.9      381.1       1401       1277       1292       1291       1073      -3130      -2315      866.8 -1.281e+04      -7441  2.826e+04  2.206e+04      -5038  -4.02e+04 -3.577e+04 -2.064e+04 -5.744e+04       4876 -8.127e+04 -8.637e+05  -1.11e+05 -2.305e+04 -2.736e+04        587        600      552.7       3067       3581      -2516     -885.3      -1155      444.9       2717       1373      143.1       3530      -1881     -996.4     -633.8       5506       2285       5717       3604      305.4      -2136       7442       5569       2344       2002       1025       2163       3269       1360       3969       2752       2866       2257      988.6      367.5       2311       1292     -970.2       1827       6903       2625       2162       1733       6086       3732      115.3       3067      840.5     -18.73      -3040       3046       4514       3310     -281.4      -4952       3978       3288  1.175e+04
      634.4      474.4      232.1      551.2      745.3      -5401       1030      7.415      772.6     -553.3      -2450      -1459       1112     -869.8       1245      440.3      -2866     -276.2      -1722     -528.8 -1.463e+04  1.966e+04 -1.348e+05      -1583 -4.151e+04 -4.061e+04 -4.765e+04       1938 -3.478e+04 -1.448e+05  -1.11e+05 -1.581e+06 -3.245e+04 -7.405e+04       1895       1083       2343       1838       5390       7395       8205      -1382  1.167e+04       3689       3231     -42.04       4080       1476       4187       2908       3137       2557       3313      -3377       9314       8239      -9764      -3731       2215       3736     -703.4      494.7       4126       1934      821.2     -789.8      842.9       3590     -99.91      450.2      -2051       1000       1952       1509      657.8      -1705       2567       1609       2292      19.36       2415       4334      -1785       2468       5794       2933       4129       1982       5759      -2712       2055  2.151e+04  1.203e+04
      511.4        215      352.9     -504.2      190.6      -2062      846.5     -31.01     -155.8     -190.1      -2106     -125.1       1246       1207     -605.6      445.3       1092       2240       1172       6659      -8652  2.661e+04  2.663e+04       1997      -3496      -2820 -1.629e+04 -1.609e+04  1.127e+04 -2.448e+04 -2.305e+04 -3.245e+04  -1.35e+06 -6.046e+04      -51.8      360.6      972.1     -336.3       4638       6016  1.314e+04       9384       3499       2079       7595       4988       7325      133.2       4038       1417       2716      -1912       2347       4782       5957       2358      570.8      -2105       1905       2175       3392       4881        574       1033     -383.2       2391       1799     -104.8       1171       1679       3875       2948       1893       2042       5189      496.6       1713       1128       4241       2679       2676       3523       1151      275.6       4674       3012       3220      134.6       1136      -2571       4718       8194 -1.422e+04
      375.6        334      145.7      735.4      68.38       3366       2420      826.4     -356.5      48.93       2491       2586       2348       2504       1128       1230      -2559      -5302      -2453      -1626      -5355  2.959e+04 -2.164e+04      -3569 -1.336e+04 -2.654e+04 -1.533e+04 -5.735e+04 -3.066e+05 -5.959e+04 -2.736e+04 -7.405e+04 -6.046e+04 -1.375e+06      607.1      726.8       2623       1620      190.3       8897       2796      -1347       3217       4820     -265.4       1761       3086       1880       7241     -28.47       4696       2953      -5109       3078       4663       4603     -402.1       3718       2184       1515       2872       3151       4358       1520       2206      739.8       1075     -139.1      -1183        571       3670       3571       3118       1078       6463       2695       1440       1665       5906       3313       2441       4257       4639     -693.9      -3879       2811      804.8       3181      613.1      -4894     -545.1 -1.317e+04       3851
     -140.3       -329     -587.4     -335.4      222.8        906      922.2      95.84      196.7        127      489.7      428.3      327.2      422.4      -1318      -2172      343.7      506.7      732.9       1887       1251       5598      -6285      259.7       1095       1175     -452.7      -5373      -6722       2653        587       1895      -51.8      607.1 -1.513e+04     -124.7      -3911       -201      275.4      774.6      895.8      721.5       1033      341.4      385.2        706      336.5      733.8      695.1      132.8      581.2      705.7      506.7      684.2       1336       1344       1216      705.9     -780.9      40.52      770.7      659.5     -28.96      377.8      215.8      424.6      514.5      487.3      577.4      471.2     -10.47      613.9      715.2      475.4      260.3        105        187      26.65      184.7      500.8      532.8      397.2      918.3      343.5      634.1      662.5      360.4      524.3       1318       1143       1221      957.5       1071
