
 47

(Scur: 0.944961, Iele: 0.611863, (((Blyn: 0.038275, Blin: 0.031370): 0.245889, (Afr1: 0.480553, (Bher: 0.151778, (Stsp: 0.211564, Tpla: 0.244394): 0.030838): 0.097974): 0.066506): 0.467548, (((Tlon: 0.080851, (Tces: 0.007992, (Tcit: 0.000602, Tcjp: 0.001385): 0.006678): 0.068036): 0.101840, (Lubb: 0.028101, ((Lcry: 0.027431, Lpac: 0.004241): 0.019954, (Lapu: 0.017173, (Lcou: 0.007651, Lart: 0.010341): 0.010595): 0.002833): 0.009211): 0.143278): 0.359072, (((Cpil: 0.044174, (Ozsp: 0.098402, Orub: 0.052408): 0.012266): 0.174086, ((Eosp: 0.206287, (Ldah: 0.121812, Etic: 0.109379): 0.109381): 0.036059, ((Mesp: 0.086608, Etex: 0.085803): 0.095083, (Puru: 0.052893, (Lpar: 0.042987, Lbir: 0.044174): 0.039526): 0.100071): 0.074770): 0.046466): 0.196044, ((Chis: 0.102201, C146: 0.092880): 0.272071, (Scry: 0.314280, ((Pped: 0.251612, (Pleu: 0.162928, Enor: 0.156212): 0.117968): 0.079473, ((Elam: 0.204899, Aema: 0.284306): 0.085871, ((Bosp: 0.282047, Mosp: 0.357654): 0.041124, (Masp: 0.244067, ((Svet: 0.119472, Smuc: 0.227498): 0.038198, (Cqua: 0.171748, (Dmag: 0.142717, (Dgal: 0.067087, (Dpul: 0.008591, Dpli: 0.006459): 0.048761): 0.049419): 0.079308): 0.021250): 0.079874): 0.038051): 0.019362): 0.061075): 0.051256): 0.053982): 0.094204): 0.131264): 0.096850): 0.163148);

  0.944961  0.611863  0.163148  0.467548  0.245889  0.038275  0.031370  0.066506  0.480553  0.097974  0.151778  0.030838  0.211564  0.244394  0.096850  0.359072  0.101840  0.080851  0.068036  0.007992  0.006678  0.000602  0.001385  0.143278  0.028101  0.009211  0.019954  0.027431  0.004241  0.002833  0.017173  0.010595  0.007651  0.010341  0.131264  0.196044  0.174086  0.044174  0.012266  0.098402  0.052408  0.046466  0.036059  0.206287  0.109381  0.121812  0.109379  0.074770  0.095083  0.086608  0.085803  0.100071  0.052893  0.039526  0.042987  0.044174  0.094204  0.272071  0.102201  0.092880  0.053982  0.314280  0.051256  0.079473  0.251612  0.117968  0.162928  0.156212  0.061075  0.085871  0.204899  0.284306  0.019362  0.041124  0.282047  0.357654  0.038051  0.244067  0.079874  0.038198  0.119472  0.227498  0.021250  0.171748  0.079308  0.142717  0.049419  0.067087  0.048761  0.008591  0.006459

  0.110731 -0.062835  0.077067 -0.043630  0.045785  0.056062  0.155767  0.069860  0.034597  0.172825  0.033355 -0.082441  0.142209  0.112262  0.132670  0.232990 -0.009509  0.200335  0.307378  0.608645  0.766713  2.046513  0.172056 -0.097753  0.251378  0.444108  0.216862  0.564270  0.921593  1.119073  0.715312  0.851289  0.851466  0.765086  0.270646  0.082734  0.131875  0.253083  0.274861 -0.014838 -0.038716  0.055623  0.032585 -0.221001 -0.122776  0.083020  0.000000  0.181972  0.030829  0.017142  0.207999  0.122757  0.009951  0.226217 -0.044647  0.301024  0.085114  0.208657  0.146813  0.080956  0.206547  0.104521  0.191579  0.144512  0.090222  0.047900  0.094099  0.145996 -0.035109  0.000000  0.000000  0.029913 -0.149607 -0.022363  0.019069  0.092607  0.068410  0.089833  0.137990  0.107647  0.016639  0.066388  0.000000  0.137106 -0.034516  0.061126  0.104277  0.366564  0.142083  0.077334  0.116825


Hessian

  -1.35e+04     -173.3      -4033     -770.5      563.3       1963       1926      541.3      308.8       1341       1511       2127      998.6       1564      -1847     -190.8       1356       2310       2749       1916       4743       3326      25.48       1518       3162       3566       3473       5910       2049       2273       2532       2612       4732       1783     -893.6      91.64       1431       2195       3106       2215       3652       1694       1868       1888       1624       2464       3634       1698       2112       2872       2795       2616       3479       4543       2036       2726      132.7       1254       2983       2337      808.1       1416      904.1       1679       1258       1370       1602       1696       1766       2155       2356       1511       2552       2261       1453       1035       2973       1951       2723       3557       2880       1946       3710       2648       3103       3061       3273       3055       3711       6865       6560
     -173.3 -2.416e+04 -1.202e+04     -545.6      507.9       2513       2365      554.6      417.4       1152       1776       2251       1401       1883      -6163     -754.9       1485       3183       2737       6202       3448      -1512       8212       1622       3679       5326       5002       7140       1404       6114       4715       4172       4843       2429      -2402    -0.3848       1826       3777       5396       3894       5078       1684       2906       2462       2442       3431       4099       2702       2366       4168       3198       3539       4489       4917       4879       4721     -374.5      953.4       3354       2593      535.4       1332       1475       2077       1565       1859       2241       2173       1822       2456       2921       1713       2402       2891       1800       1328       2987       2296       3262       3942       3572       2438       4733       3751       2954       3324       3780       3739       4420       8432       5824
      -4033 -1.202e+04 -5.158e+04       -469      595.5       2721       3871        552      212.4        921       2249       2840       1956       2552 -1.347e+04     -962.7       2531       4286       4512       6640       6867      -2543     -509.3       2400       5305       7178       4274       6435      -3418       7826       6841       3879       5378       4350      -4196     -227.4       2432       5431       6235       4647       6064       2106       3281       3437       3072       3623       5211       2242       2956       5571       3480       4470       5373       5816       5471       5331      -1255      844.2       4499       3174     -24.56       1432       1225       2067       1630       2160       2697       2819       1880       2052       3532       1909       3202       3269       2168       1415       3728       3258       3620       4997       4475       3528       5106       4698       3119       4987       5157       5555       5695       9011  1.065e+04
     -770.5     -545.6       -469 -3.587e+04      -2165       3064       3007      -5438      -1126      -2967     -171.4      479.5       1014      674.8 -1.472e+04     -901.5       3177       4760       4514       5204       9505  1.491e+04  1.721e+04       3585       6255       7244       5681  1.559e+04       5569       8361       8594       7208       3765       7741      -4656      -1611       2700       5880       6156       4527       7146       2162       2883       3731       2842       5346       6764       1617       3081       6006       7041       3935       5251       6314       6062       5512      -1845       1541       4203       5286     -602.6       1923      244.1       2375       2119       2341       3221       2762       1395       4118       3908       1802       2919       2311       1621       1312       3116       3444       3492       4643       4775       3099       5596       4671       5125       4687       5652       5976       6446       8007       6086
      563.3      507.9      595.5      -2165 -9.146e+04       3804      -1290 -4.764e+04      -2055 -3.166e+04      -9812      -3769      -1925      -1299     -670.2       1378       1853       3553       4210       7329  1.257e+04       2694       5552       2756       6398       4692       4233       2597  1.202e+04       3510       6755       9065       6589       7798      958.6       1677       2651       4659       6714       5986       7770       4017       3302       3167       1706     -100.9       6576       2644       2738       6619     -697.1       4723       5760       6307  1.038e+04       6280       2783       3159       6539       5802       4257       2074       4867       4731       2874       4230       3621       2997       4737       2336       3948       3041       5152       3860       2790       1847       5980       4039       5475       7991       5957       4276       5508       5711       1603       4942       6029       7156       6637       9995  1.162e+04
       1963       2513       2721       3064       3804 -1.703e+06 -1.072e+06       6596     -215.8       5078     -446.1     -399.3     -531.9       1416       5124       7149       6605       1852       3558 -6.161e+04 -2.432e+04  3.275e+04 -6.226e+04       3279       6151  1.062e+04       9719   3.09e+04 -2.385e+04      -2377 -3.167e+04 -3.422e+04 -3.064e+04      -9396  1.066e+04       8977  1.259e+04       8363  1.885e+04       4136  1.255e+04  1.104e+04  1.275e+04       8033       9938  1.038e+04  1.422e+04  1.215e+04  1.636e+04  1.605e+04  1.531e+04  1.956e+04       7143  1.006e+04       5756       5099  1.334e+04       6633  1.131e+04  1.276e+04  1.489e+04  1.119e+04  1.484e+04  1.187e+04  1.192e+04       7548       8475       7979  1.454e+04  1.632e+04       5638       9067  1.711e+04  1.009e+04       7405       8800  1.337e+04       8041  1.344e+04  1.937e+04       9740       9591  1.507e+04  1.182e+04   1.53e+04       8570  1.131e+04       3831  1.072e+04       3125       4622
       1926       2365       3871       3007      -1290 -1.072e+06 -1.834e+06       3835      498.2       2666     -471.6     -426.6      2.764     -236.5       4317       7890       7270      -2271      122.8 -4.094e+04 -3.085e+04 -3.872e+04 -3.826e+04       5333       9336       2737      -9030  3.733e+04 -3.314e+04       2399 -3.163e+04 -2.172e+04 -4.459e+04  1.169e+04       9828       9296  1.142e+04       2276       8395       2392   1.04e+04   1.22e+04       9529       7778       8709       6122  1.267e+04   1.06e+04  1.237e+04  1.797e+04  1.678e+04  1.579e+04  1.289e+04  1.084e+04       3504       6266       9345       7715  1.116e+04       9095  1.579e+04       9164  1.662e+04  1.499e+04       9505  1.122e+04  1.052e+04       8916  1.532e+04  1.806e+04       6311       9573  1.435e+04  1.231e+04       8207  1.038e+04       9710  1.047e+04  1.006e+04  1.603e+04  1.184e+04       8940  1.451e+04  1.121e+04  1.356e+04       5255       7892       4281  1.289e+04  1.584e+04  1.127e+04
      541.3      554.6        552      -5438 -4.764e+04       6596       3835 -1.474e+05      -2704 -5.842e+04 -1.595e+04      -6039      -2647      -2484      -3020       1331       2864       5356       5234       9864  1.258e+04  2.101e+04       4507       3598       5465   1.02e+04      409.9       2445  1.645e+04  1.325e+04  1.291e+04  1.144e+04   1.11e+04  1.369e+04     -487.5       1851       2801       5253       8662       5236       8002       3610       2889       2788       3131       3625       8153       3626       4163       7246       4149       3746       6682       5344  1.047e+04       6387       1544       2708       6307       5837       4392       2707       4432       4133       3308       3644       5035       3332       4934       3306       4557       3303       3795       3655       2195       2223       4460       3612       4724       7087       5587       4257       5074       4217       3506       5302       5897       7236       8364  1.383e+04  1.545e+04
      308.8      417.4      212.4      -1126      -2055     -215.8      498.2      -2704 -3.446e+04      -8041      -2555      -1083       -286     -741.1     -60.74      987.5       1453       1682       2293       7132       2843      -6019  1.117e+04       1326       3229       5068       2370     -418.2       6449       1480       5265       4587       4130       3234       1059       2121       1927     -840.3       4950       4705       5703       3304       3245       1463       2594       2087       4540       2773       2866       4281       2000       2664       4236       4807       7830       4530       2071      641.1       3977       2243       1914       1804       2540       2550       1977       2414       2946       2102       3166       2075       2463       1559       3139       2268       2044       1262       2854       2106       2910       5582       2731       2657       3581       3150        792       3126       3297       2606       2997       8625       9268
       1341       1152        921      -2967 -3.166e+04       5078       2666 -5.842e+04      -8041 -1.308e+05 -2.616e+04      -9598      -3156      -3182     -803.1       1587       2979       6299       6689  1.014e+04  1.628e+04  2.926e+04  1.326e+04       3765       8818  1.131e+04       4118 -3.897e+04  1.161e+04  1.079e+04  1.108e+04  1.039e+04  1.268e+04       6865      -3681       3089       2174       3009       7417       6251       4888       5687       3787       1199       2701      -4560       7709       6365       4948       6739      -8335       5602       7451      -3788  1.062e+04       5579       3328       3811       9122       7116       5752      945.7       6488       5819       2859       5694       5864       4685       5769      -4157       4070       3079       5761       5991       3326      771.1       7530       4935       8052       9226       7585       5611       5515       5964      -9470       5921       5205       9625       9016  1.446e+04  1.432e+04
       1511       1776       2249     -171.4      -9812     -446.1     -471.6 -1.595e+04      -2555 -2.616e+04 -1.758e+05 -6.144e+04 -1.658e+04 -2.233e+04       1765       3419       2288       1026       3494  1.017e+04  1.219e+04  4.569e+04  2.606e+04       2268       3691       5166       8489  2.475e+04  2.743e+04       4531  1.262e+04       8274       9506  1.323e+04       3504       4587       1621       1709       1968       2835       7032       4331       2153        799       2961       6848       5506       3480       3631       3192       7954       3309       4668       1499       6963       1325       4724      837.4       5815       2949       6624       4957       6342       4886       2959       4059       2898       3809       6441       7003       4108       3651       8185       5476       3168       5061       6121       3911       4957       6564       3802       3548       7192       4394       8579       3243       7046       7408       8436       1954  1.397e+04
       2127       2251       2840      479.5      -3769     -399.3     -426.6      -6039      -1083      -9598 -6.144e+04 -2.486e+05 -3.496e+04 -5.683e+04       2110       4549       4786       3845       4225       6599       4509  4.426e+04  3.565e+04       4630       3452       7907   1.06e+04      -2758  2.011e+04  1.693e+04      1e+04       2939  1.151e+04  1.742e+04       5394       5309       3446       5349      -1498      -5718      312.9       5471       2646       2396       3500       6010      -4424       3961       4656      -1532       9585       5001       5465      -1210      38.21       7038       5724       2618      -1421      -1613       8138       6831       8769       2782       3676       4424       2750       2322       8183       7295       1950       4892       7209       6057      -2068       6034       8984       5935       6660      -5759       5144       4501       4687       4145  1.005e+04       5471       8190       8475       8742 -1.219e+05 -1.007e+04
      998.6       1401       1956       1014      -1925     -531.9      2.764      -2647       -286      -3156 -1.658e+04 -3.496e+04 -8.452e+04      -5527       2280       2444       3334       1649       2366       8174       7508  1.302e+04       5434       2367       3815       8647       5425 -5.099e+04  1.105e+04       9956       6488       7624       2396       6207       3117       3414       2476       2227       3318      -6417      -4332       3885       3139      -2487       2046       3179       1924       2261       3077       3479       3099      50.77       1638      -3348     -659.8      -5404       4124       2287       1881       2924       4712       3491       4966       4464       3272       3464       2519       3212       5228       4144       2969       2931       5248       1820     -356.9       2415       4809       2731       3496       3263       3422       3503       2875      -6800       3942       3544       5524       4665       5419 -2.639e+04      -4425
       1564       1883       2552      674.8      -1299       1416     -236.5      -2484     -741.1      -3182 -2.233e+04 -5.683e+04      -5527 -9.949e+04       2575       3580       2480       4131       4809      229.6       8069  2.872e+04  2.821e+04       3613       2502       8426       8672  1.042e+04       9329       4798       5314       2936  1.257e+04   1.16e+04       4292       4743       3047       4109      -1940      -4072       1509       4249       3712       2853       2805       5557      -9792       3628       3968      -8176       7261       2973       4478      -3000     -639.8       6733       5205       2215      -9635      -4008       6072       5238       6219       1371       3005       3316       2576       2936       6258       7108      -1089       4003       5439       4073      -1718       4563       6333       4009       4094      -6710       2559       3815       3951       5248       7613       5143       7145       8430       9191 -1.796e+04       7918
      -1847      -6163 -1.347e+04 -1.472e+04     -670.2       5124       4317      -3020     -60.74     -803.1       1765       2110       2280       2575 -1.021e+05      -2110       4011       7133       6334       7107  1.161e+04  1.479e+04  1.115e+04       4461       7783       7379       7220  1.627e+04       5173  1.007e+04  1.173e+04       8239       5737       8128 -1.372e+04      -1827       2946       7420       8624       6033       8600       1321       2839       4636       3744       5689       8188       1928       3296       7119       7112       5215       7026       7643       8147       6064      -4329       1448       6573       5492      -1714       1970      -1321       2657       1678       2217       4204       3378       1303       3677       4827       1546       2232       2183       1921      742.9       3335       3970       3960       6396       5885       4050       6833       6282       5026       6498       7535       7759       8285  1.101e+04  1.147e+04
     -190.8     -754.9     -962.7     -901.5       1378       7149       7890       1331      987.5       1587       3419       4549       2444       3580      -2110 -5.712e+04      -1101     -704.1       1219       1228       1928       7006  2.988e+04     -573.7       4119       2953      -1124 -1.054e+04  1.356e+04       7267       6908       3332       7647       8305 -2.049e+04      -2746       3298       6087       7321       5572       9061       1241       2062       3956       2290      918.1       5431       2236       2874       5733        669       4951       6117       9314       9187       5676      -5502       1341       5688       5157      -1409      615.9     -338.2       2253       2560       2091       2891       2474       1397      914.8       3367       2186       3249       3486       2828       1219       3541       3335       3622       6493       5824       3989       4729       6553      882.9       5213       5882       7295       8223  1.104e+04       5799
       1356       1485       2531       3177       1853       6605       7270       2864       1453       2979       2288       4786       3334       2480       4011      -1101 -2.905e+05      -7421 -1.932e+04  -1.29e+04 -1.074e+04      -3646      -9258 -1.537e+05  1.623e+04 -3.772e+04 -2.457e+04   3.99e+04 -2.528e+04      -7671 -1.609e+04 -2.316e+04 -1.507e+04 -1.277e+04       3518       4467       1343       2332       6744       6243       8404       2804       1645       2818      229.3       4533       6465       2090       2042       6581       5930       2594       2980       8548       8515       4418       5337       1539       8172       7218       5566       3553       6778       5784       4140       4095       3388       4745       8068       7705       4386       4983       7320       6926       3746       3219       7143       3532       6070  1.114e+04       3470       4409       3750       4848       8309       4125       5774  1.027e+04       5146       6167       5761
       2310       3183       4286       4760       3553       1852      -2271       5356       1682       6299       1026       3845       1649       4131       7133     -704.1      -7421 -7.659e+05 -3.117e+05 -3.338e+04 -6.308e+04 -1.658e+04  2.993e+04      -7336 -1.629e+04 -1.046e+04 -2.116e+04  3.166e+04      -4242 -3.545e+04 -3.287e+04      -5404      -3865 -1.187e+04       5436       7858       5512       5330       7279       4427  1.029e+04       4923       4661       5669       2301       4272       8230       3788       2758       7071       6356       4716       3698  1.239e+04       4578       7489       9766       5934       5828       4750  1.085e+04       9505  1.034e+04  1.121e+04       7660       8292       6415       7136  1.207e+04  1.293e+04       7008       6320  1.908e+04       6547       5472       8055  1.337e+04       7642  1.241e+04  1.313e+04       7033       7044  1.271e+04       7639  1.748e+04       6952       5116       7104  1.023e+04  2.954e+04       6389
       2749       2737       4512       4514       4210       3558      122.8       5234       2293       6689       3494       4225       2366       4809       6334       1219 -1.932e+04 -3.117e+05 -8.502e+05 -2.094e+04 -9.254e+04 -2.049e+05 -1.117e+05 -1.661e+04      -9453  -1.23e+04 -3.598e+04  3.425e+04 -2.088e+04 -5.898e+04 -1.633e+04     -840.3      -4715      -7362       6785  1.064e+04       6288     -331.1       3056       7030  1.016e+04       7124       1192       3949       5807       6402       7749       6502       5118       6578       2108       4159       4900       8997       3308       7731  1.133e+04       5468       8858       6945  1.176e+04       8134  1.356e+04  1.166e+04       7102       9749       5464       8041  1.286e+04  1.036e+04       8169       7676   1.57e+04       8967       5229       7952  1.687e+04       7061  1.543e+04       8617       7613       6495  1.349e+04       7695  1.535e+04       3626       5444       6588       3343  1.351e+04       3767
       1916       6202       6640       5204       7329 -6.161e+04 -4.094e+04       9864       7132  1.014e+04  1.017e+04       6599       8174      229.6       7107       1228  -1.29e+04 -3.338e+04 -2.094e+04 -1.145e+07 -3.852e+06 -4.963e+05 -2.694e+04      -7247 -2.963e+04      -8518 -4.508e+04     -690.8      -5145 -5.506e+04 -7.998e+04  4.832e+04  1.125e+04       3701  1.259e+04  1.116e+04  1.056e+04  1.845e+04      -9056      -4540      -6121       7317       3943  1.276e+04  1.933e+04  1.486e+04  1.287e+04  1.651e+04  1.299e+04       1268       9367  1.817e+04 -1.539e+04       2101  1.614e+04  2.572e+04  1.227e+04  1.176e+04       4103   1.82e+04  1.804e+04  1.875e+04  2.392e+04  2.274e+04  1.045e+04  1.305e+04  1.738e+04  1.778e+04  3.467e+04  2.463e+04       9111  1.267e+04  2.545e+04  1.277e+04       5984       9612   2.79e+04  1.273e+04  1.649e+04      -5205       2281  2.204e+04       9093       3310  2.227e+04      465.5  1.174e+04  1.816e+04  1.301e+04 -1.263e+05 -1.634e+04
       4743       3448       6867       9505  1.257e+04 -2.432e+04 -3.085e+04  1.258e+04       2843  1.628e+04  1.219e+04       4509       7508       8069  1.161e+04       1928 -1.074e+04 -6.308e+04 -9.254e+04 -3.852e+06 -1.296e+07 -2.763e+05  4.922e+04 -1.369e+04 -3.117e+04 -2.334e+04 -2.617e+04       7380 -6.094e+04      -2441 -7.795e+04 -2.562e+04 -1.074e+05 -1.274e+05  1.504e+04  2.051e+04       9699  -1.64e+04     -834.4       2951      -3982  2.205e+04   1.74e+04  1.069e+04   2.03e+04      321.2      -4704  1.865e+04  1.864e+04       9263       8995  2.522e+04       4639       2719       9260  2.156e+04  2.102e+04  1.676e+04  2.693e+04  3.432e+04  2.322e+04  1.611e+04   2.03e+04  2.606e+04  1.297e+04  2.073e+04  2.038e+04  1.102e+04  2.677e+04  1.579e+04  1.012e+04  1.792e+04  1.989e+04       7625       7101  1.198e+04  1.391e+04  1.722e+04  2.103e+04  1.647e+04       8374  1.339e+04  1.747e+04       9539  2.131e+04       2401       8309  2.111e+04 -1.394e+04 -4.262e+04 -4.853e+04
       3326      -1512      -2543  1.491e+04       2694  3.275e+04 -3.872e+04  2.101e+04      -6019  2.926e+04  4.569e+04  4.426e+04  1.302e+04  2.872e+04  1.479e+04       7006      -3646 -1.658e+04 -2.049e+05 -4.963e+05 -2.763e+05 -2.004e+08 -7.014e+06  1.586e+04  1.129e+05  1.713e+05 -1.519e+05      -1325  4.302e+04  1.263e+05 -3.772e+05  2.864e+04 -4.979e+04  1.548e+04  3.081e+04  3.163e+04  3.448e+04 -4.461e+04      39.75  1.296e+04   3.92e+04  4.075e+04  6.659e+04  4.461e+04  3.013e+04 -7.679e+04  1.702e+04  2.261e+04  1.142e+04  6.494e+04  5.056e+04  2.775e+04  5.549e+04 -7.158e+04       6412  6.966e+04  3.297e+04       4780   4.92e+04  1.447e+04      -9597       8368  2.558e+04  3.911e+04  2.584e+04  3.665e+04  2.343e+04  4.279e+04   3.22e+04  3.822e+04  1.799e+04  2.826e+04  5.912e+04  1.482e+04   1.42e+04  3.257e+04  4.083e+04  3.203e+04  3.659e+04  4.059e+04  1.979e+04  5.152e+04  8.661e+04  2.897e+04  5.116e+04  3.484e+04  1.071e+04 -3.409e+04       4922 -1.203e+05  5.852e+04
      25.48       8212     -509.3  1.721e+04       5552 -6.226e+04 -3.826e+04       4507  1.117e+04  1.326e+04  2.606e+04  3.565e+04       5434  2.821e+04  1.115e+04  2.988e+04      -9258  2.993e+04 -1.117e+05 -2.694e+04  4.922e+04 -7.014e+06 -9.101e+07  1.633e+04  5.342e+04       3292  7.675e+04  9.095e+04 -3.398e+05  1.216e+04  9.146e+04  5.484e+04 -8.925e+04 -5.094e+04  3.271e+04   2.53e+04  1.724e+04     -498.6  3.887e+04      -9434  4.709e+04  2.367e+04  4.181e+04       9863  5.354e+04  2.361e+04  1.458e+04   1.01e+04       6337  3.359e+04  2.219e+04       6045 -2.742e+04  1.236e+04 -7.551e+04    3.6e+04  3.131e+04   1.63e+04  5.661e+04  7.293e+04  3.166e+04  1.152e+04  3.036e+04        459  1.914e+04  2.378e+04 -1.473e+04 -2.472e+04  1.911e+04  3.714e+04  2.332e+04  1.029e+04  8.121e+04       8669       7430  2.511e+04  4.785e+04  4.028e+04  4.185e+04  2.729e+04  1.711e+04 -9.616e+04  4.761e+04  3.816e+04  4.292e+04 -2.373e+05  2.626e+04  1.423e+04  5.215e+04  1.112e+05  2.197e+05
       1518       1622       2400       3585       2756       3279       5333       3598       1326       3765       2268       4630       2367       3613       4461     -573.7 -1.537e+05      -7336 -1.661e+04      -7247 -1.369e+04  1.586e+04  1.633e+04 -2.512e+05  1.671e+04 -5.457e+04 -4.212e+04       5650 -1.205e+04 -1.693e+04 -1.959e+04 -3.621e+04 -1.705e+04 -2.048e+04       4334       4990       2905       2103  1.002e+04       7547       9809       3493       2447       3212       1235       5711       5534       2551       3904       5806       5236       1823       3281       9723       8624       6483       6010       1533       8292       6104       6470       4061       5888       6728       3979       3781       2804       4107       8007       7102       4891       4536       7816       5837       3371       4537       4713       3073       5271  1.095e+04       3936       3534       2580       5006       9942       3983       4212  1.046e+04       7015  1.109e+04       9128
       3162       3679       5305       6255       6398       6151       9336       5465       3229       8818       3691       3452       3815       2502       7783       4119  1.623e+04 -1.629e+04      -9453 -2.963e+04 -3.117e+04  1.129e+05  5.342e+04  1.671e+04 -3.116e+06 -1.957e+06 -8.392e+04      -5810  -1.12e+05 -5.607e+05 -3.679e+05 -3.069e+05 -9.822e+04 -2.439e+05  1.166e+04  1.232e+04       8782       2961  1.099e+04       1032       5431  1.459e+04  1.124e+04  1.365e+04  1.354e+04       9452   1.13e+04  2.151e+04       3913       7055  1.006e+04  1.288e+04       2652      9.942  1.454e+04       7103  1.513e+04       8384       4064  1.106e+04  1.583e+04  1.314e+04  2.086e+04  1.522e+04  1.053e+04  1.067e+04       8446       6626  1.727e+04  1.889e+04       8200  1.283e+04  1.387e+04  1.664e+04       7620  1.494e+04  1.653e+04  1.098e+04  1.234e+04  1.665e+04  1.021e+04  1.343e+04  1.456e+04       9520  2.258e+04  1.028e+04  1.897e+04       5184      -3854  -1.57e+04  2.669e+04
       3566       5326       7178       7244       4692  1.062e+04       2737   1.02e+04       5068  1.131e+04       5166       7907       8647       8426       7379       2953 -3.772e+04 -1.046e+04  -1.23e+04      -8518 -2.334e+04  1.713e+05       3292 -5.457e+04 -1.957e+06  -5.26e+06 -1.437e+05  -1.04e+05 -1.314e+05 -6.455e+05 -3.234e+05 -3.002e+05 -1.005e+05  -2.19e+05  1.237e+04  1.109e+04       9369  1.008e+04  2.868e+04      584.8  1.789e+04  1.751e+04  1.295e+04  1.349e+04       9577       4240       7092  2.179e+04       6269       9093  1.864e+04       2376       8087      331.6  1.124e+04       8930  1.246e+04       7122       5525       7597  1.666e+04  1.292e+04  2.336e+04  1.179e+04  1.016e+04       8800  1.018e+04       4925  1.703e+04  2.072e+04  1.299e+04   1.16e+04       8249  1.706e+04       8352  1.575e+04  1.667e+04  1.325e+04       9459  2.489e+04  1.346e+04  1.194e+04       8429  1.374e+04  2.742e+04       6896  2.249e+04   1.16e+04      -6917  2.537e+04   3.81e+04
       3473       5002       4274       5681       4233       9719      -9030      409.9       2370       4118       8489   1.06e+04       5425       8672       7220      -1124 -2.457e+04 -2.116e+04 -3.598e+04 -4.508e+04 -2.617e+04 -1.519e+05  7.675e+04 -4.212e+04 -8.392e+04 -1.437e+05 -5.391e+06      -9391 -1.152e+06 -1.426e+06 -2.705e+05 -3.501e+05 -1.747e+05 -1.117e+05       7525  1.072e+04   1.27e+04  1.131e+04  2.269e+04       6107       4388       6175  1.387e+04  1.658e+04  1.505e+04  1.194e+04  2.003e+04  1.701e+04  1.435e+04  1.371e+04  1.178e+04  1.531e+04  1.279e+04      -2521      -2137 -1.694e+04       5203       7271  1.833e+04  1.336e+04   1.02e+04  1.543e+04  2.057e+04  1.477e+04  1.211e+04  1.577e+04  1.511e+04  1.486e+04  1.868e+04  2.376e+04  1.051e+04  1.386e+04  1.882e+04  2.251e+04  1.045e+04  1.139e+04  1.751e+04  1.344e+04  2.692e+04  2.922e+04  1.126e+04  1.225e+04  1.961e+04   1.17e+04  1.839e+04  1.988e+04  1.085e+04       8358  3.129e+04      -3172 -4.027e+04
       5910       7140       6435  1.559e+04       2597   3.09e+04  3.733e+04       2445     -418.2 -3.897e+04  2.475e+04      -2758 -5.099e+04  1.042e+04  1.627e+04 -1.054e+04   3.99e+04  3.166e+04  3.425e+04     -690.8       7380      -1325  9.095e+04       5650      -5810  -1.04e+05      -9391 -3.883e+06 -5.344e+05  -9.33e+04 -4.034e+04      -6825       1920 -7.404e+04 -2.941e+04  3.433e+04  5.968e+04  4.686e+04  5.247e+04 -5.119e+04 -3.927e+04  6.404e+04  7.319e+04      -8958  5.464e+04 -1.288e+05 -2.201e+04  6.381e+04  5.785e+04  2.201e+04 -2.013e+05  4.039e+04  4.668e+04  6.618e+04 -4.555e+04      -3626  3.675e+04  4.054e+04  1.047e+04 -2.885e+04  4.307e+04   -1.4e+04  4.014e+04  4.468e+04    4.1e+04   4.84e+04  4.836e+04  4.375e+04   5.76e+04 -8.744e+04  1.579e+04   1.88e+04   4.76e+04  3.188e+04  2.325e+04 -1.157e+04  5.849e+04  4.447e+04  6.164e+04  4.883e+04  6.246e+04  5.362e+04  2.919e+04 -5.662e+04 -1.868e+05  2.753e+04  2.205e+04  2.101e+04  2.261e+04  1.773e+04  4.242e+04
       2049       1404      -3418       5569  1.202e+04 -2.385e+04 -3.314e+04  1.645e+04       6449  1.161e+04  2.743e+04  2.011e+04  1.105e+04       9329       5173  1.356e+04 -2.528e+04      -4242 -2.088e+04      -5145 -6.094e+04  4.302e+04 -3.398e+05 -1.205e+04  -1.12e+05 -1.314e+05 -1.152e+06 -5.344e+05 -2.278e+07 -6.581e+05 -3.624e+05 -5.733e+05 -2.332e+05 -5.441e+05       3948   1.72e+04  2.834e+04    1.9e+04  1.014e+04      -8742      -1210  3.593e+04   3.49e+04  2.742e+04  2.924e+04      -3219    1.5e+04   3.24e+04  3.155e+04  2.597e+04 -3.356e+04  4.437e+04  3.709e+04  2.157e+04       3705  2.666e+04   1.68e+04  1.367e+04  2.982e+04  3.667e+04  1.587e+04  2.538e+04  2.858e+04  2.706e+04  2.384e+04  2.189e+04  1.768e+04  3.369e+04  2.615e+04    3.8e+04  1.774e+04  2.322e+04  3.669e+04   2.79e+04  2.266e+04  1.102e+04  3.896e+04  3.195e+04  3.709e+04  2.408e+04  3.267e+04  1.864e+04  4.973e+04  3.202e+04       7875  2.403e+04  3.379e+04 -1.529e+04 -2.032e+04  5.797e+04  8.255e+04
       2273       6114       7826       8361       3510      -2377       2399  1.325e+04       1480  1.079e+04       4531  1.693e+04       9956       4798  1.007e+04       7267      -7671 -3.545e+04 -5.898e+04 -5.506e+04      -2441  1.263e+05  1.216e+04 -1.693e+04 -5.607e+05 -6.455e+05 -1.426e+06  -9.33e+04 -6.581e+05 -2.715e+07 -5.737e+05 -7.487e+05 -4.056e+05 -2.585e+05  1.496e+04  1.506e+04  1.234e+04      239.6 -1.876e+04       9576 -2.117e+04  2.288e+04  2.355e+04  1.057e+04  1.845e+04       7923  2.545e+04  3.022e+04   2.04e+04       8004       1259  3.215e+04  2.145e+04  4.209e+04 -1.748e+04  2.354e+04       9528   1.58e+04  1.208e+04  2.565e+04  1.745e+04  1.937e+04   1.63e+04  3.271e+04       6670  2.342e+04       2164      115.4  3.001e+04  1.817e+04  2.079e+04  1.472e+04  3.173e+04  2.741e+04  1.743e+04  1.519e+04  3.741e+04  1.344e+04  1.851e+04  1.535e+04   2.17e+04  2.698e+04   3.27e+04  3.389e+04  4.468e+04  2.297e+04  1.052e+04   3.97e+04      401.8 -4.304e+04   1.04e+05
       2532       4715       6841       8594       6755 -3.167e+04 -3.163e+04  1.291e+04       5265  1.108e+04  1.262e+04      1e+04       6488       5314  1.173e+04       6908 -1.609e+04 -3.287e+04 -1.633e+04 -7.998e+04 -7.795e+04 -3.772e+05  9.146e+04 -1.959e+04 -3.679e+05 -3.234e+05 -2.705e+05 -4.034e+04 -3.624e+05 -5.737e+05 -6.643e+06 -6.562e+05  -2.71e+05 -1.195e+05  1.253e+04  1.881e+04  1.649e+04  3.015e+04  1.465e+04       6786 -1.129e+04  1.962e+04  2.723e+04  1.381e+04  2.067e+04       5882       5973  2.405e+04  3.292e+04  1.089e+04  2.048e+04  2.357e+04  1.634e+04      42.12  1.163e+04  2.181e+04  2.017e+04   1.27e+04  1.085e+04  1.446e+04  2.097e+04  1.612e+04  2.437e+04  1.787e+04  1.154e+04  1.857e+04   1.35e+04  1.657e+04   2.43e+04  1.272e+04       9778  1.347e+04  3.088e+04   1.54e+04       7648  1.795e+04   3.07e+04  2.105e+04  2.538e+04  3.081e+04  1.483e+04  1.892e+04  2.206e+04  1.315e+04  3.255e+04       6759  1.182e+04 -1.249e+04 -1.413e+04      -1188 -8.604e+04
       2612       4172       3879       7208       9065 -3.422e+04 -2.172e+04  1.144e+04       4587  1.039e+04       8274       2939       7624       2936       8239       3332 -2.316e+04      -5404     -840.3  4.832e+04 -2.562e+04  2.864e+04  5.484e+04 -3.621e+04 -3.069e+05 -3.002e+05 -3.501e+05      -6825 -5.733e+05 -7.487e+05 -6.562e+05 -9.966e+06   -3.2e+05 -3.904e+05       9542  1.607e+04  1.995e+04       8620  1.583e+04  1.189e+04  2.172e+04  2.264e+04  1.298e+04  1.422e+04  1.441e+04       8234  2.142e+04  2.468e+04  2.042e+04       9303  1.037e+04       4618   2.24e+04  3.922e+04  2.843e+04  1.748e+04  1.797e+04   1.32e+04  1.474e+04  1.568e+04  2.352e+04  2.133e+04  1.917e+04  1.834e+04  1.819e+04  1.813e+04  1.623e+04       7292  2.561e+04  1.666e+04  1.813e+04  1.112e+04  2.798e+04  1.874e+04  1.265e+04  1.684e+04  3.327e+04  1.417e+04  2.514e+04  3.165e+04  2.844e+04  1.121e+04  3.945e+04  2.078e+04  4.127e+04  1.279e+04  1.777e+04       6017  2.047e+04  1.521e+04 -1.358e+04
       4732       4843       5378       3765       6589 -3.064e+04 -4.459e+04   1.11e+04       4130  1.268e+04       9506  1.151e+04       2396  1.257e+04       5737       7647 -1.507e+04      -3865      -4715  1.125e+04 -1.074e+05 -4.979e+04 -8.925e+04 -1.705e+04 -9.822e+04 -1.005e+05 -1.747e+05       1920 -2.332e+05 -4.056e+05  -2.71e+05   -3.2e+05  -1.49e+07 -5.913e+05       9148  1.766e+04  2.556e+04  1.725e+04       1229  1.595e+04       7504  2.424e+04  2.527e+04  2.505e+04  1.715e+04       4999  2.862e+04   1.52e+04  1.944e+04  1.865e+04       7351  1.444e+04  1.859e+04      -2212      -1510 -2.086e+04  1.695e+04       9855  1.463e+04  2.861e+04       8510  1.518e+04       7593  1.859e+04       7062   1.35e+04  1.379e+04  1.261e+04  2.023e+04  1.872e+04  2.214e+04  1.132e+04    1.9e+04       9747       4900  1.129e+04  2.699e+04  1.911e+04  2.867e+04  2.871e+04  1.677e+04  2.355e+04  3.239e+04  1.901e+04  3.512e+04       9445  1.732e+04       7749      81.15  1.413e+04     -235.7
       1783       2429       4350       7741       7798      -9396  1.169e+04  1.369e+04       3234       6865  1.323e+04  1.742e+04       6207   1.16e+04       8128       8305 -1.277e+04 -1.187e+04      -7362       3701 -1.274e+05  1.548e+04 -5.094e+04 -2.048e+04 -2.439e+05  -2.19e+05 -1.117e+05 -7.404e+04 -5.441e+05 -2.585e+05 -1.195e+05 -3.904e+05 -5.913e+05 -1.141e+07  1.535e+04  1.376e+04  1.735e+04  2.584e+04  2.245e+04       3641  2.416e+04  1.609e+04       3101  1.278e+04       9903       1499  1.557e+04       9348   1.56e+04  1.711e+04  1.125e+04  2.292e+04  2.733e+04  3.668e+04  4.811e+04       3672   1.81e+04  1.525e+04       8727  2.169e+04  1.756e+04  1.816e+04  1.823e+04  1.246e+04  1.764e+04  1.216e+04       8321  2.019e+04  1.789e+04  1.605e+04  1.918e+04  2.001e+04  3.476e+04  1.948e+04       8467  1.697e+04   3.31e+04  2.247e+04  3.253e+04  2.421e+04  1.641e+04  2.186e+04  1.494e+04  2.185e+04  2.973e+04  2.393e+04  2.859e+04      -9547   1.32e+04 -2.826e+04 -1.106e+05
     -893.6      -2402      -4196      -4656      958.6  1.066e+04       9828     -487.5       1059      -3681       3504       5394       3117       4292 -1.372e+04 -2.049e+04       3518       5436       6785  1.259e+04  1.504e+04  3.081e+04  3.271e+04       4334  1.166e+04  1.237e+04       7525 -2.941e+04       3948  1.496e+04  1.253e+04       9542       9148  1.535e+04 -1.199e+05      -4428       5181      1e+04  1.271e+04       7572  1.284e+04       3247       4107       5379       2963      -1598       8508       2890       3189       8021      -3588       6521  1.076e+04  1.091e+04       9683       7747 -1.213e+04       1715       7899       7588      -3235     -22.76      -2796       1307       3461       2304       5049       3812     -53.97      -4002       5360       2354       1175       2511       2934      -1156       4598       4603       5033       7564       8412       5531       5331       8441      -6538       7246       8224  1.171e+04  1.087e+04  1.534e+04  1.467e+04
      91.64    -0.3848     -227.4      -1611       1677       8977       9296       1851       2121       3089       4587       5309       3414       4743      -1827      -2746       4467       7858  1.064e+04  1.116e+04  2.051e+04  3.163e+04   2.53e+04       4990  1.232e+04  1.109e+04  1.072e+04  3.433e+04   1.72e+04  1.506e+04  1.881e+04  1.607e+04  1.766e+04  1.376e+04      -4428 -1.269e+05      39.65       3441       4934       5555       5424 -2.397e+04      -6673      -1005      -3828       5951       6035      -7576      -4414       5073       8207       -201       3499       6278  1.022e+04       3794 -4.544e+04     -313.7       9039       7181 -1.806e+04      794.1      -8284        670       1605      676.3       2844       3025      -2587       6157       5665       2339     -121.1       1381       2020        702       2907       3367       3472       7929       7280       4298       8213       7210  1.142e+04       9124  1.036e+04  1.028e+04       9344  1.622e+04  1.919e+04
